,model_id,exclusive_use_area,city,supply_area,apartment_building_count_in_sites,total_parking_capacity_in_site,room_count,total_household_count_in_sites,floor,bathroom_count,heat_type_district,total_household_count_of_area_type,heat_fuel_cogeneration,heat_type_individual,heat_fuel_gas,front_door_structure_mixed,front_door_structure_stairway,front_door_structure_corridor,heat_type_central
0,XGBoost_grid_1_AutoML_20190425_034434_model_5,0.2793376849616361,0.16814316694845863,0.15514549699170202,0.11625285058968177,0.06512523689044374,0.053838234811348924,0.053165195694137794,0.0371778799475837,0.02871206105492286,0.014038795518820648,0.008442865331974482,0.006995088051997011,0.0056737050820469415,0.0026668345545619947,0.0020889873704098955,0.002070096748780084,0.0009234036548889259,0.00020241579660452765
1,XGBoost_grid_1_AutoML_20190425_040839_model_7,0.23498170641431293,0.1697416495628398,0.14307365712250755,0.06792600971767551,0.06782707799239601,0.06286876081030318,0.056255396772249604,0.043061675412570916,0.040081413067585045,0.03488084358396614,0.028259744901617784,0.02255115002937454,0.009681196851670654,0.007680763986456782,0.004530428198019449,0.004161795271990226,0.0020991372364087373,0.00033759306805513744
2,GBM_1_AutoML_20190425_031629,0.23461252454006,0.18311103003655207,0.1680731394118001,0.0633306398511979,0.061695846382301224,0.05190479896381766,0.04724756984331684,0.038105972381550605,0.03351555069202854,0.03332262009612266,0.029157969336946088,0.023295429042188197,0.015430592623921118,0.006546688562097758,0.003954871747586412,0.003275278630325271,0.0028992014382193277,0.0005202764199681956
3,GBM_grid_1_AutoML_20190425_034434_model_4,0.2237942579308509,0.14375968195908134,0.11136092292813082,0.08685353644395612,0.0781441445527887,0.06746274305932197,0.050818895466031654,0.043254470023838955,0.042499105910845304,0.03652117918403476,0.03498959538655709,0.02583588294578605,0.024651283042808364,0.013231623332464278,0.006514472078991464,0.005286935934177224,0.0043714305623678874,0.0006498392579671201
4,XGBoost_grid_1_AutoML_20190425_044008_model_1,0.278820158963661,0.17716765301592835,0.15335393494264088,0.06690663724084325,0.059595482106317405,0.05353963156698232,0.053222566715290964,0.03398795510979101,0.03106048430180845,0.020446061111671528,0.019305078077428765,0.01655654784832051,0.016163098894721784,0.012836405119112894,0.004084888892611146,0.0017153850260283347,0.0011988494504757252,3.918161636564801e-05
5,XGBoost_1_AutoML_20190425_044008,0.22021437759026338,0.21371751558311122,0.15566114517540983,0.07227436592179574,0.061847067882286284,0.057813032161837266,0.054666294813062885,0.03448849207765774,0.029241006979487928,0.025584499432292546,0.023485456346561302,0.020310806376385052,0.01125317867530663,0.010318181621173539,0.005403103943761244,0.002014956687587865,0.001510714932743269,0.00019580379927626923
6,GBM_1_AutoML_20190425_044008,0.26058089926197636,0.17333841550990778,0.1708693713585329,0.07724960991762408,0.07216110968739206,0.05283419458099281,0.05066931651706794,0.032151554175563896,0.02800013166185275,0.0220124734351262,0.017525496226046936,0.013329637212244437,0.011116234432891637,0.00713071105259686,0.006070147734846467,0.0030484965425274287,0.001509145701540278,0.0004030549912691609
7,XGBoost_1_AutoML_20190425_031629,0.26472848472663485,0.18299025656011467,0.14357375481491272,0.0752984449726709,0.07128481603958176,0.05909288706273908,0.055430882136960194,0.03767847507379015,0.02626354225637272,0.019978677207936453,0.017494430866238423,0.015509981781676535,0.01057666335816858,0.008694185235726664,0.004780063524874908,0.0044773447048208495,0.00202441604983631,0.00012269362694424272
8,XGBoost_grid_1_AutoML_20190425_044008_model_4,0.23085258150545465,0.18608224428572456,0.16592819343401977,0.0836364101594569,0.06315425305247493,0.05568501322915362,0.05090376506003927,0.04411427202235082,0.03705651372996541,0.01938429173466022,0.01640540632763269,0.014709467380949035,0.011907845510071423,0.008341579175866505,0.0045695422154149005,0.0037670559337191763,0.002578764658200281,0.0009228005848458467
9,XGBoost_grid_1_AutoML_20190425_040839_model_5,0.24605920054879782,0.17439381977326426,0.14234113774395843,0.08013131388447677,0.06874463256062802,0.06193834582622317,0.0590716445336685,0.050442351685467714,0.03927608777979106,0.018304383514895037,0.013821546868558465,0.013465203571255793,0.010572346767648759,0.009821330657347527,0.004610387767287841,0.004057382602188165,0.0027260040890177304,0.0002228798255249435
10,XGBoost_grid_1_AutoML_20190425_040839_model_6,0.24567250510181618,0.1712404860967308,0.11962655823327885,0.07836292093957227,0.06686755131627131,0.06606856202709416,0.052732779609288696,0.04943084292348734,0.0476345490885221,0.0233206828455051,0.02236598016988275,0.018326097870179688,0.013497524150596402,0.009402398958557615,0.007360687576196129,0.005240768152715928,0.0023629281747131947,0.0004861767655914952
11,GBM_grid_1_AutoML_20190425_044008_model_7,0.26182726675981954,0.18103578078381471,0.16663867536986798,0.07337066780775638,0.06564597057687162,0.05860321104197001,0.049384707636922195,0.03246475140655705,0.02673417061263635,0.025261583572987738,0.01742586411732648,0.011861554460300273,0.010465006503623572,0.006282613324974869,0.004666325970546303,0.004651588507080397,0.0033457565697676316,0.0003345049771769013
12,XGBoost_1_AutoML_20190425_040839,0.2581774522216348,0.19710975704656142,0.16111375404653072,0.060861387750427556,0.0597848195803814,0.05885851870182605,0.04909181845711116,0.034463382041402056,0.03314878696253126,0.02735715155070854,0.018531744039702484,0.014639553492544765,0.009886912492725917,0.007571029023484792,0.004104529587860526,0.0028161885841707867,0.002356750194410447,0.00012646422598534615
13,XGBoost_grid_1_AutoML_20190425_034434_model_3,0.2750572652827755,0.18705103954942773,0.12922729163828192,0.06992919555163526,0.06708601809633447,0.060337551078169724,0.05851900504834714,0.03228281819661722,0.025376520319372254,0.022450288203173057,0.022431529859881744,0.014769707173943773,0.014381622408699887,0.01048824840575566,0.0049401861278057305,0.0032405764555070208,0.00238658127447142,4.4555329800478684e-05
14,GBM_1_AutoML_20190425_034434,0.25907803557323156,0.18637493646728542,0.18301294270815416,0.06579469708315175,0.06534363629926278,0.05041708284263187,0.04791242965234616,0.02697655065594993,0.023952188998144063,0.023933525902606875,0.02389134669825534,0.012954781405426321,0.010906741715415053,0.009162752723511951,0.0043083335211674696,0.004278833719415427,0.0013589328102351446,0.000342251223808742
15,XGBoost_1_AutoML_20190425_034434,0.2282133472538727,0.2205650338921834,0.15750998656080842,0.09407853635158861,0.06444667457855559,0.058435308254753605,0.04918046679923892,0.03559079959521793,0.024409163372894123,0.015932233557269585,0.012528724684285135,0.01074850449875356,0.010330263739728139,0.009538774608889194,0.003035866676667809,0.002802573748359018,0.0025260530431987704,0.00012768878373547722
16,XGBoost_2_AutoML_20190425_034434,0.22158176656472325,0.17956200609564915,0.16105892692948018,0.07850701446331963,0.060518108081426915,0.05533053187979545,0.05441681714865427,0.04237720749135787,0.03956163476357767,0.030597642441358614,0.027575606971177398,0.015598884236607578,0.015477618289590616,0.01092495498060347,0.003566957638624935,0.001683133223778454,0.0016594620353749256,1.7267648996186506e-06
17,XGBoost_grid_1_AutoML_20190425_034434_model_1,0.2918926393576761,0.17281509341148032,0.16522151495546683,0.12472851569680916,0.05172729614390174,0.05128157962072987,0.04802127608049948,0.02426752338105928,0.01975162649665578,0.015293497881440748,0.01076246679014075,0.010344002261561881,0.006385096702699021,0.002706907198458353,0.0023949062335176263,0.0015220764431725128,0.0007773171979842394,0.00010666414674628115
18,GBM_grid_1_AutoML_20190425_040839_model_19,0.22457662022706962,0.20228089220325418,0.1354254666622278,0.07044635043452467,0.06538471164044897,0.06231924025931174,0.04262061238842572,0.03994345134462468,0.03644210531605445,0.031343113505968696,0.024334357294830525,0.022293537835424822,0.017575649987890338,0.012507460597537618,0.006383515734785513,0.002883710106766457,0.002828693604788733,0.0004105108560654902
19,XGBoost_grid_1_AutoML_20190425_040839_model_1,0.22582623647479783,0.20293366015003145,0.17454760319592771,0.06462044935458662,0.06182065873479085,0.05703965334882044,0.05308182279565021,0.03825120681505081,0.03703730394582652,0.02724435651470843,0.01852887428443575,0.010462175101194434,0.00989189203748614,0.009767729245162669,0.004220651410279899,0.002499176966451315,0.0020850867813379816,0.0001414628434609344
20,XGBoost_grid_1_AutoML_20190425_044008_model_3,0.2772334411608378,0.2255525103293237,0.2001536848145551,0.059905873662491345,0.05244271311191899,0.04850480141491485,0.037863848745211454,0.031942322621806414,0.019697337802961155,0.01229837337265958,0.010785651590498364,0.006086406353829469,0.0056089578006144674,0.0034516323983825167,0.0033218707471039193,0.0025364456268246213,0.0023408062583965272,0.00027332218766971483
21,XGBoost_grid_1_AutoML_20190425_034434_model_4,0.276023013183447,0.1713687547749843,0.1646589543780675,0.09443957804268131,0.06208798881114044,0.05602103290420396,0.05231647401714477,0.034993660183543884,0.027865328152754835,0.019294680244118293,0.013925782518954348,0.008367792810926951,0.008221310201117238,0.004222118872211144,0.0023323533884828944,0.0021782038314852826,0.0015491126884368091,0.0001338609962990009
22,GBM_1_AutoML_20190425_040839,0.2907276650447254,0.1758441350557526,0.16272299900431617,0.059533829889759325,0.047536162149526176,0.04590034544949895,0.04501373433198342,0.03446727707285561,0.02722496898322363,0.02703706053974165,0.025549268009171337,0.019664551900243733,0.017047033907287908,0.010495942774051732,0.005475373394352705,0.003885459352200412,0.0013752322740140444,0.0004989608672951732
23,XGBoost_grid_1_AutoML_20190425_031629_model_1,0.26576287337341636,0.1765923369898969,0.1764980612124377,0.07724677573465655,0.061146522244359604,0.060794821662864366,0.04543889940402602,0.033297503522372124,0.029114665042273093,0.024211501698708747,0.015132639467556556,0.01089798925721828,0.01001269376740832,0.006479903251178024,0.005355126314255883,0.0012348797348972753,0.0007374894340574751,4.531788841673378e-05
24,GBM_4_AutoML_20190425_034434,0.24421855511479762,0.22496850695712167,0.16204251240006753,0.062150196494668304,0.06146103003286448,0.053807793934834265,0.04710047968225394,0.031075807242313992,0.02719938156654636,0.024468738460998573,0.02062313801964254,0.01575886059367073,0.0106251453810544,0.004980962900686452,0.004814877544274567,0.0023329908345151524,0.0021363313460803614,0.00023469149360903717
25,XGBoost_2_AutoML_20190425_040839,0.26753736144601226,0.19837409014504975,0.1381969983197367,0.0726733415363329,0.060332263000602494,0.05670727880602302,0.050548024028588164,0.035094217196965614,0.024374751508027176,0.02271280003320556,0.022346476046395315,0.01911999142949945,0.016686691520299387,0.006392110823233976,0.004108529474380243,0.003036971995034142,0.0016936143938010904,6.448829681276435e-05
26,XGBoost_2_AutoML_20190425_031629,0.2675541653112113,0.1800526921766936,0.1412825132148329,0.08939439991280874,0.06242327848485869,0.056608049268039765,0.050620849452889694,0.03813659946489484,0.027208777761479324,0.023281095444470722,0.018269932218540317,0.013694966636142033,0.012666045720470372,0.011296195170546813,0.003968139285485889,0.0019717524331423044,0.0015339629313575256,3.658511213516944e-05
27,GBM_grid_1_AutoML_20190425_044008_model_12,0.26083171676690553,0.16383451286520803,0.15104704004130065,0.06737079123539445,0.06616450431732744,0.05301767849052256,0.05078524666969971,0.040653064917012253,0.03590199996719794,0.03226703751169038,0.02613782808247122,0.01982974283564667,0.01461546789384105,0.007203091508982489,0.004437945937343132,0.0031517220368081317,0.002627982970064581,0.0001226259525837443
28,GBM_grid_1_AutoML_20190425_040839_model_18,0.1805184354764763,0.16873282029922687,0.12735276610735088,0.07650566626404735,0.07123286492911625,0.06649575229519067,0.05346778007074101,0.043814614028006064,0.04130492156713657,0.03962267989909094,0.03564977774645868,0.028507351907659843,0.02848344704843115,0.014760469060446249,0.009998948092396242,0.0076685270466405695,0.005256609088470894,0.0006265690731134527
29,GBM_grid_1_AutoML_20190425_040839_model_22,0.26551928644116257,0.2108777880495123,0.1519756506792231,0.07833383285112741,0.06357217569017158,0.04869274337915651,0.03549187056592985,0.03219374181432413,0.029197961996032983,0.026908094971653078,0.026878914793582613,0.010017534181577529,0.00594079470098371,0.005931256201352935,0.0035754739822699924,0.0028178604392327575,0.002024455150462801,5.05641122441383e-05
30,XGBoost_grid_1_AutoML_20190425_031629_model_2,0.22657515049520938,0.1483273969592962,0.10414907893538894,0.08870552352529279,0.08374898575718329,0.06052208638888403,0.05777177876261228,0.046798789862028574,0.041467846567577474,0.04082605735585247,0.03135546789955871,0.02078222887802943,0.01976173203370707,0.013644196689483615,0.006293977283478023,0.004571528786564039,0.0043326305750792425,0.0003655432447744496
31,GBM_grid_1_AutoML_20190425_040839_model_4,0.33578195399951194,0.13643580139533792,0.125148628852841,0.1018172820343185,0.05966785030910791,0.0580369333914129,0.05096734238377947,0.05069530125665983,0.0391516881746458,0.01183780914493531,0.008266246876307443,0.007385076352520752,0.006125395160635546,0.0031184995162580917,0.0030664505111788814,0.0019229578632547297,0.0005747827772939415,0.0
32,GBM_grid_1_AutoML_20190425_044008_model_23,0.2043936052420786,0.1796524495872243,0.11378081725401672,0.07332566282615434,0.07238537944065081,0.0602486185432051,0.059316732323447634,0.04820927834873568,0.04210237958015663,0.03275670530025637,0.03222184205642411,0.028962408612012783,0.027554796923790467,0.012597147392255278,0.005242112919632295,0.0042532258447526925,0.0028838025877322613,0.0001130352174739538
33,XGBoost_2_AutoML_20190425_044008,0.2378991626868517,0.22257835375749116,0.14014711401564814,0.06759367170813678,0.06117949798833857,0.058553719380341665,0.05016574113823697,0.03917010017906786,0.02914092121241953,0.025294887869271067,0.025056684692236188,0.0177627815300898,0.010148846800499834,0.006182514042165718,0.003790680386895163,0.0026856588045893856,0.002635158283766595,1.4505523953864544e-05
34,GBM_4_AutoML_20190425_031629,0.3366715472578785,0.1491546840817559,0.13738395424299588,0.060955911607095604,0.05331934705800984,0.05315282543667136,0.04739878501030543,0.04378949237597037,0.03193977225357826,0.0251691612204688,0.018363117254188373,0.01343840391983996,0.012376004713499688,0.007167726647898533,0.005441510758684452,0.0024497081964704533,0.0017789616720859187,4.908629260267172e-05
35,XRT_1_AutoML_20190425_031629,0.2152249164576252,0.1983263736655095,0.16003104536889462,0.06026784415821949,0.05936588700426088,0.04652165705544101,0.046391120534411655,0.04090663124580299,0.03863853717258713,0.034633512435738686,0.029698410582489926,0.022059300187351704,0.016242368863519315,0.013450748031444384,0.007443316623759593,0.006025123091964145,0.00434531096441422,0.00042789655656553664
36,DRF_1_AutoML_20190425_040839,0.243995625988254,0.1689744774789873,0.152393024404757,0.05980471917596355,0.05582865450054214,0.04939097372859672,0.0462668296424716,0.04115305639603586,0.03659738051439111,0.03599804107624372,0.026261712219344934,0.024626970982274232,0.02192727689553034,0.02023568720067848,0.00889833031882921,0.003565501575537859,0.0033891151155842833,0.0006926227859776879
37,DRF_1_AutoML_20190425_031629,0.22725709270632985,0.16016713579834557,0.15774494756119656,0.05621618539557939,0.05483308100726274,0.05270548270050746,0.04642454449529792,0.04448034916771158,0.04397796996719483,0.0435784099692549,0.03741901036676656,0.027931196330685623,0.017359925806815214,0.01238633783821006,0.007283534078478481,0.005986623885081578,0.003803176748881928,0.0004449961763997785
38,XGBoost_grid_1_AutoML_20190425_044008_model_5,0.3028921231080364,0.11533911633993907,0.09762311722560899,0.09524638558607353,0.09150835855262958,0.08859632578484558,0.048073064755486256,0.04666490270450706,0.031170251285397774,0.021456162116646155,0.01453558581326181,0.012051280212802466,0.01064128904369821,0.010271373276301355,0.005252660899792649,0.005037701763072455,0.003479600270926413,0.00016070126097422982
39,GBM_4_AutoML_20190425_044008,0.2652669804820152,0.20764513754137157,0.16470146848944983,0.06706332558718188,0.056093340508181065,0.04178354605519586,0.040403872987281146,0.039282560665049995,0.03031059145850354,0.025331904182260338,0.024258058069104804,0.013119060914559553,0.008502944525796247,0.007824014429514543,0.0035052402365992478,0.0034860861680124267,0.0012560048333297158,0.00016586286659304726
40,GBM_grid_1_AutoML_20190425_040839_model_14,0.24073355370229904,0.18570548206835089,0.10541805834462574,0.07202446524897929,0.0677889664090099,0.05413735521684521,0.04998297189078168,0.042614871676733945,0.039905933272631,0.03671500070247353,0.032479955877639306,0.019798860529665212,0.018045593346053896,0.010342147943640842,0.01012086570188223,0.00922410433786442,0.004322958031607577,0.0006388556989163201
41,XGBoost_grid_1_AutoML_20190425_040839_model_4,0.22610115245914197,0.1758181688331546,0.1031438178512319,0.09145965271629994,0.07000751672859112,0.06591957515799636,0.05749423597725378,0.05184410007320776,0.04029501066586865,0.037745690885999314,0.027219836113812367,0.024754779399088423,0.012464422103159683,0.005825636511012699,0.003670068225803091,0.0028776090326797744,0.0026705465695154944,0.0006881806961830463
42,GBM_grid_1_AutoML_20190425_031629_model_3,0.2327798542550303,0.19236023060877067,0.15411323960668066,0.07684313774700122,0.06310866096051593,0.055233371548829346,0.049655039658496686,0.034179097483198244,0.03162958520598975,0.03155387354647413,0.025248248902209575,0.018451025079177726,0.01292333020188968,0.008059932789002048,0.007042549465139708,0.004086872069163386,0.0026887478597555116,4.320301267542453e-05
43,GBM_4_AutoML_20190425_040839,0.3200467041600472,0.15634790749528196,0.15316675081495648,0.059138378647587656,0.056018779908447947,0.052708351551632344,0.04931497887138727,0.036459279638986916,0.030792085494600593,0.027659521923297188,0.022822878879594513,0.010238904844678565,0.00974489574594727,0.007963432615479703,0.004754530355699954,0.0013442704371917265,0.0012802525323906907,0.00019809608279204035
44,DRF_1_AutoML_20190425_034434,0.2087884557870811,0.1882026632660357,0.16060797813014888,0.06065427022278624,0.05588685019238475,0.053065353913004584,0.052152720391858594,0.04174901304009036,0.04095975213055077,0.03479018619778766,0.03150280739479654,0.022002477707066304,0.021668697751197705,0.014047153042536138,0.006763484682671854,0.0036455838069073838,0.003025736495636247,0.00048681584745918126
45,GBM_grid_1_AutoML_20190425_031629_model_1,0.30426155756153095,0.1625306182647692,0.1530732923112493,0.13505318766331925,0.05771633930728872,0.05460871802391983,0.04527807936046298,0.026555124419949956,0.0249612215379943,0.01023539570493297,0.007625536107043046,0.0059356304030974815,0.004874401797888105,0.0029007812073233667,0.0021353295080713073,0.0018711570736899203,0.0003836297474693271,0.0
46,GBM_3_AutoML_20190425_044008,0.2890711956825671,0.17291452786732797,0.1573515062628875,0.07724754223600637,0.05724630947184992,0.05661645518721133,0.05313854468975178,0.023574094688099075,0.021001866815833697,0.020211505557903887,0.01842123256518803,0.017883756264217197,0.01663628930401042,0.009836497068769377,0.0037398145932577764,0.0027672913998614134,0.002160131163490869,0.00018143918176629747
47,GBM_2_AutoML_20190425_031629,0.2920027626834817,0.18138815449021867,0.17061156234823896,0.061158004856656886,0.05288154800015027,0.050951920382202864,0.04150579653141693,0.027955595993449624,0.02709439167144313,0.02477407289734738,0.02187978215760009,0.019507623981970767,0.011151041481099116,0.00768421557790254,0.003533468059249225,0.0029461438914854805,0.002773003010266817,0.00020091198581952737
48,GBM_2_AutoML_20190425_034434,0.25512703271841725,0.22418798093273443,0.18503782768141375,0.06216249959596575,0.053899555200186494,0.05071522306229169,0.04773702915966654,0.03215769261906059,0.021925431081122812,0.01936182376902948,0.017485701770852964,0.007553332487603404,0.006466726356815796,0.006001102408638321,0.004061108333747756,0.0030311937962894846,0.0028857685448370847,0.00020297048132642443
49,GBM_3_AutoML_20190425_040839,0.3146632775800927,0.16850101439538162,0.16714100939625393,0.05378762402758155,0.05077988279847957,0.048661409499359785,0.04798857202157535,0.04696175268959548,0.021289168197324883,0.01862087519257486,0.015210457004728664,0.014918149640379177,0.009773999008549085,0.009677622932623246,0.008179546930681817,0.002450216390317735,0.0013164700092621363,7.89522852383561e-05
50,GBM_2_AutoML_20190425_040839,0.24527391254197792,0.20245038463159476,0.19412066752472226,0.05169902942910549,0.048344563542989945,0.046747493655712916,0.04225501852350584,0.04213016001540641,0.03311277876804898,0.02821699820391564,0.018972194882726442,0.01805793613197645,0.014607001655668798,0.0072432714159498665,0.0035473064255860105,0.002143710483286431,0.0009263277066302005,0.00015124446119561702
51,GBM_3_AutoML_20190425_031629,0.20777466989343646,0.19223436185850432,0.19135105819092993,0.06613189416931906,0.0575742050699827,0.05188409498409534,0.046819844891586464,0.045010398026272505,0.036761746902863324,0.02574565970396092,0.020722002811629413,0.020488960863863766,0.01771457951827332,0.012712553979838222,0.0027581170670902045,0.0021191651106533603,0.001971691309726871,0.00022499564797382832
52,GBM_grid_1_AutoML_20190425_040839_model_27,0.20847725375456994,0.1965552300957041,0.19359238520945826,0.0710855333852976,0.0474951989808616,0.047395397985784085,0.04654783046137979,0.043878542011422605,0.040772701968113764,0.02943988754388168,0.020654385666359333,0.0190973487841164,0.013928128351587472,0.009614313409921128,0.007464688837426353,0.0021212410251011545,0.0017634180685444183,0.00011651446047031799
53,GBM_3_AutoML_20190425_034434,0.2301509793555654,0.21917897974191028,0.18236220882985305,0.058600838484452654,0.05672260461802292,0.04927801443439119,0.04434289268336431,0.035413665015215305,0.03085058848611805,0.02111365871527345,0.02000767171967885,0.019610035252407045,0.015442461577286497,0.00994622451518464,0.002747041313763634,0.0022241735574136706,0.0018047232034686853,0.0002032384966303788
54,GBM_grid_1_AutoML_20190425_040839_model_24,0.23894640415456336,0.15701019792204923,0.15411130658655975,0.06735192930996031,0.06050432604868342,0.05987824567353446,0.05664733253004496,0.04813160359251269,0.04319287296510822,0.03144656681310772,0.028018939505362894,0.01960205034408594,0.01492774314740489,0.007563625370425854,0.004090687189851238,0.003929859947872508,0.0038460521799576104,0.0008002567189149276
55,GBM_2_AutoML_20190425_044008,0.30922450674748814,0.1782545031941007,0.17398928980859205,0.07024329398069563,0.05131455607885119,0.04431734934046898,0.04212190940290863,0.0416776125638838,0.020787080458111486,0.018569155171340758,0.018145229493506592,0.010968629594692546,0.00651737899755217,0.005254886861257048,0.0052020257381058255,0.002120890063740493,0.0010499215061027152,0.00024178099860125567
56,GBM_grid_1_AutoML_20190425_044008_model_1,0.22432042562060722,0.19034827632133464,0.1233440314214629,0.0807173790894514,0.07935683180434926,0.06043392083727849,0.05083238410800276,0.047497749303606215,0.03287300477514656,0.02959407582408209,0.022819927407906133,0.020035527623470707,0.018915257691342686,0.011115526932742436,0.004413664823564591,0.0019502680135866021,0.0014000463079582542,3.170209410706024e-05
57,XRT_1_AutoML_20190425_034434,0.2315459433228972,0.19120350893086785,0.15304437249653857,0.06466642172945092,0.0589847489832858,0.0488621063322051,0.04527734387409195,0.04246445814796025,0.036447809864884044,0.03523925359244722,0.028624339554584342,0.0162114904918992,0.01605878376144459,0.012815176570908592,0.00804300479890221,0.005664040121542269,0.004390608591047386,0.00045658883504248103
58,GBM_grid_1_AutoML_20190425_040839_model_16,0.18413176145873603,0.16072762474725047,0.12144263499684185,0.07498995165064098,0.07465739443302663,0.07410871727615048,0.06565981818134026,0.046134811472229864,0.0369270143366958,0.036861249890180824,0.03606898345519544,0.03356025711159601,0.021844823793070484,0.012162079567915759,0.00835195944049908,0.008271089159820543,0.003930841872382265,0.0001689871564271907
59,XGBoost_grid_1_AutoML_20190425_034434_model_7,0.2578772742163546,0.18728282942928381,0.17287917950978238,0.0635844535173464,0.050824241043551675,0.045644902466295274,0.04346921840302402,0.0367246138086579,0.029360748808115664,0.024893800966100107,0.02255797086520427,0.018337832465736312,0.01747141775117739,0.014553633450694286,0.005929187260053584,0.004987490057999167,0.0033483337767706615,0.000272872203852493
60,XGBoost_grid_1_AutoML_20190425_034434_model_6,0.2951057061175463,0.18826246073076613,0.16839737317772527,0.11428356167352566,0.05482885501726154,0.04873239439097005,0.04453184238687459,0.02754363311922574,0.019358677436787285,0.014514263667703519,0.012178332348178318,0.0057749259779417755,0.0034756691964389665,0.001249752261117344,0.0011475701311684367,0.0006149823667690595,,
61,XRT_1_AutoML_20190425_044008,0.2762382160008085,0.14700496871020868,0.14546201477845686,0.0627510409133371,0.05865578008140452,0.05405928654361516,0.04784723727355509,0.04362571905337912,0.03559190831618388,0.035378948104367064,0.029306184459760055,0.016948382726895878,0.014593162881898214,0.013633238181782293,0.010853227054201631,0.005017264589367637,0.002432887163741632,0.0006005331670367257
62,GBM_grid_1_AutoML_20190425_040839_model_29,0.24215213096576146,0.15661240244309885,0.1432667985989505,0.08070216807211171,0.05808837849304013,0.05403699801789283,0.04690851430334652,0.040205424059938634,0.03466118250382213,0.034373831986003335,0.033988750455464435,0.032554735007413835,0.0159018297228971,0.013292531143239642,0.0067288241534133484,0.0038502633104460214,0.0026091111985770245,6.612556458250543e-05
63,XRT_1_AutoML_20190425_040839,0.2544565850923511,0.16932931412818944,0.13260570302424227,0.06692687764396543,0.05533380270102795,0.04769280774834802,0.04571262842060464,0.04506230535214989,0.04142950182606312,0.03419920954226757,0.030830194987535097,0.026457300964952753,0.01823857779395828,0.014601504494103084,0.0073459734775574706,0.005753675595332564,0.0035239734821769213,0.0005000637251743863
64,XGBoost_grid_1_AutoML_20190425_040839_model_2,0.24098914429328142,0.20781543262321397,0.18984994156148102,0.06952722316897929,0.05671551857824314,0.052783866007059414,0.048684606549579804,0.027311099598283713,0.02371187697782058,0.021515023204997874,0.01763925941462937,0.017470161877720568,0.01129028011169916,0.007319771884901929,0.002999964882882056,0.002482013961015656,0.0017164835172145407,0.00017833178699649529
65,XGBoost_grid_1_AutoML_20190425_044008_model_6,0.21933544942935537,0.2057570658912058,0.1525393461310129,0.06715130855187358,0.06553965615526215,0.0545512194293185,0.046796762959069635,0.043650771799835404,0.02969736234697744,0.02951733912116303,0.024440251398883943,0.023954898817181863,0.015142591337311658,0.00976415722539595,0.00782917079606346,0.0022576778582830605,0.002009580367263346,6.539038454293909e-05
66,DRF_1_AutoML_20190425_044008,0.20345145004243048,0.1764116872572932,0.15658533528593765,0.06385209591360852,0.054774060206539306,0.05180340184400056,0.05067946896454508,0.04901554847314033,0.04657008293672239,0.03834747056372125,0.037712615341996776,0.03340298839886881,0.014234550106464414,0.011765415487646378,0.004475013483887987,0.003475732284696224,0.0030330474262860764,0.0004100359822145867
67,XGBoost_grid_1_AutoML_20190425_040839_model_3,0.27720682987615514,0.1963108939300477,0.19109666344590867,0.10355813161839811,0.04948824078967745,0.04603959047880848,0.04042818603340256,0.021361375417462063,0.016428699345645423,0.015738306497364605,0.01450313396217921,0.009818076497371807,0.0075063278006297,0.004483355021451173,0.0037339502007356137,0.0016886758675297355,0.0004358122050935205,0.00017375101213901889
68,GBM_grid_1_AutoML_20190425_040839_model_31,0.23456900691980456,0.16842743602281987,0.15770711413443045,0.06246851424932669,0.061591829287737716,0.059208857583303985,0.04494218589860961,0.04038050225699282,0.038682568589696306,0.03246123768560394,0.031897234737389216,0.01942807792566896,0.01762111948791133,0.017410529198287707,0.005180529359240472,0.0038582314565175136,0.0036784464789090076,0.0004865787277498443
69,GBM_grid_1_AutoML_20190425_040839_model_7,0.28513846728192693,0.17963950640071824,0.1607589815230138,0.06636675053179406,0.05231806875501085,0.045747192956416584,0.04377964948994955,0.028763819588184397,0.02811744420046564,0.02807096528423033,0.02188581752813879,0.02026927574818054,0.0158614332098422,0.014822235737497485,0.0035513040102802553,0.0026013948018664508,0.0020704497117786957,0.00023724324070517752
70,XGBoost_3_AutoML_20190425_044008,0.26646561810044195,0.2029003337363287,0.19234101535385714,0.04811477790236719,0.04657090533659481,0.0452095343577815,0.04229799330694783,0.0406358011186374,0.025158560878222453,0.020623201716767403,0.017640403013714615,0.016843602749495184,0.01681752826352846,0.007375007135204346,0.00734830893312253,0.002892692439902863,0.0006655730393309716,9.914261775466531e-05
71,GBM_grid_1_AutoML_20190425_044008_model_18,0.20471781929561467,0.20225549773730817,0.16963039842067068,0.05616187113172619,0.05502177053361052,0.05191481241809091,0.04945520825159283,0.04737334698227139,0.040109589106304175,0.028554281054877215,0.025976574207581832,0.022437580469627277,0.01490772486234751,0.014243598119737738,0.007162033733784378,0.005983094781451958,0.003747194278509397,0.0003476046148931593
72,XGBoost_3_AutoML_20190425_040839,0.2529326850294383,0.23184654795857457,0.18785375403663385,0.06441688177543206,0.05020934013421208,0.045489368940025504,0.041550435323588285,0.03559849970987933,0.026096666447907414,0.017096151040047983,0.016864411411640533,0.008685386672640938,0.006860842474375568,0.006067774758060065,0.003995028776872712,0.0024668306960419647,0.0017803080475082397,0.00018908676712064588
73,GBM_grid_1_AutoML_20190425_044008_model_9,0.3311775290886686,0.13979266287433398,0.08991427904431828,0.08694512002814563,0.0654561818139547,0.05678333802767296,0.04426512077072355,0.03700040173973254,0.03287449148759249,0.03260152113312315,0.021106411971603976,0.020213512778878288,0.01730535047962185,0.008615433984053282,0.007574938572483195,0.00602150378554265,0.0023522024195508904,0.0
74,XGBoost_3_AutoML_20190425_034434,0.26827725518358947,0.21729913400197784,0.1838091543139195,0.059686379103283345,0.051797666418973765,0.04310343518713484,0.03872746324527267,0.03618982259351776,0.0272981447404107,0.02031286563869793,0.015402182992715386,0.011533244090214282,0.010656657691437471,0.007246664317266437,0.004611168584950381,0.0029744802874457875,0.0008320849444114436,0.00024219666478097568
75,GBM_grid_1_AutoML_20190425_044008_model_24,0.42860813772418044,0.14631664095829713,0.07683347809288382,0.07589910030812172,0.05682770464753929,0.04014669581748485,0.03944835547387245,0.03141717569045193,0.025005746756395095,0.018361656446039654,0.018091106052163936,0.016133128000253592,0.010645109292250609,0.009551556030975714,0.002792301369835872,0.002189242481689843,0.0015832655902475485,0.00014959926731651207
76,XGBoost_3_AutoML_20190425_031629,0.2715706632526157,0.20608468991657403,0.1886728932767971,0.08875424688754983,0.04752979818333967,0.039462067401358714,0.03872161226099298,0.037164759609539896,0.017669585628416085,0.016271669996425514,0.016184893821224455,0.009693488759773753,0.00816103591495184,0.006699425308660079,0.0036282433604079805,0.0018363884415632233,0.0017927957079661684,0.00010174227184297135
77,GBM_grid_1_AutoML_20190425_044008_model_8,0.23071993454381398,0.20458677676606632,0.17076153490458737,0.054852079093627375,0.05449648265448421,0.05289493129029056,0.0473428069856488,0.03987023275252068,0.030149184033444076,0.026355495578220936,0.022856911120663043,0.020622177247774428,0.019946521349512088,0.012374965093615182,0.005207162896031926,0.0034019431110172992,0.0032619233931777507,0.00029893718550398494
78,GBM_grid_1_AutoML_20190425_040839_model_2,0.29058019892709724,0.22743156190456976,0.15652238824217413,0.05578125991902153,0.052738808270570266,0.05028907896829434,0.04569146270861826,0.024770967027201097,0.021701860296542908,0.02067718549591993,0.01822843437713883,0.01630779533061829,0.007685453114124542,0.004432786906444846,0.0036133901826184943,0.0025114740001834224,0.00099658536281066,3.9308966051395614e-05
79,GBM_grid_1_AutoML_20190425_040839_model_28,0.21992823364947142,0.2070650648779339,0.1430074895873076,0.060388484977429824,0.05921280196385612,0.056930059905682104,0.05330727296255415,0.04724822846817136,0.036112278028260086,0.029457628515498765,0.021115608534392285,0.016037042428920015,0.01384111868654576,0.011992677488139234,0.010163822152439236,0.008409259477302507,0.005677461762090895,0.00010546653400470676
80,GBM_grid_1_AutoML_20190425_040839_model_6,0.32639812620618686,0.17207682672709373,0.1290664528259871,0.06717215029579601,0.0662702602055598,0.055501995500056786,0.04589163891541013,0.03568314940951737,0.028408219555776555,0.02705646869170221,0.01078995208123065,0.009824489111714645,0.009268493260558683,0.006691621807081674,0.006265959524051834,0.0020274398963576043,0.0014895969760749497,0.00011715900984342731
81,GBM_grid_1_AutoML_20190425_044008_model_25,0.20465953058606676,0.16345274481529085,0.11471691086649016,0.08195801165116977,0.0780088016086603,0.06471696239288208,0.051267122418757013,0.041145669669300555,0.036092467570596906,0.03387333713579735,0.03256383066472634,0.028791667063029526,0.025614958397213228,0.021744927237722804,0.009990545033654005,0.0074777260628643245,0.0037617307297825478,0.00016305609599549364
82,GBM_grid_1_AutoML_20190425_034434_model_5,0.2567377296765232,0.2415645461468283,0.19437360919376828,0.061884607784454225,0.05092428983914223,0.049348772240601274,0.03715443164669051,0.03639719786762503,0.025859357960384362,0.0111919051535925,0.008920090453832545,0.0074604935036840505,0.007362332469034461,0.006883028514212791,0.0021954861221264144,0.0012693656754793352,0.00047275575202051595,0.0
83,GBM_grid_1_AutoML_20190425_034434_model_2,0.19274552146877502,0.16422570493452757,0.164218489974033,0.0738756616597131,0.06334536844442604,0.05856203643162194,0.05812359915995008,0.04723376041335044,0.03409176824596375,0.030716162002115157,0.02961664813778193,0.023363918788364496,0.022310979653841972,0.02115559946312262,0.006827560604241339,0.006125711604367657,0.0033755033606133896,8.600565319054428e-05
84,GBM_grid_1_AutoML_20190425_040839_model_20,0.23106270710004922,0.16941841170132127,0.16135472110302573,0.05779100593546503,0.05571077081083221,0.053064538720698745,0.05048969685291761,0.043288154516593236,0.0387019217235469,0.03186292716212172,0.026582832655943935,0.02428959665859845,0.023928983795632942,0.014628653461909462,0.008515870997685531,0.006616485013746325,0.0026114143247155377,8.130746519614381e-05
85,GBM_grid_1_AutoML_20190425_044008_model_20,0.2005023854459653,0.19789847487031223,0.12470864698878331,0.0821437658117059,0.06481727870331262,0.06075844637573148,0.04831393161133863,0.0383160386516514,0.035789234455101585,0.0341304592066655,0.02768878206493779,0.024519128445389903,0.023884906257480496,0.018345167442415728,0.00898260517724714,0.00558929390167981,0.003476924079521961,0.00013453051075920143
86,GBM_grid_1_AutoML_20190425_040839_model_13,0.27405137773704974,0.1899496155371102,0.15739102863110296,0.10148216110608678,0.06507706849449067,0.05529485969951381,0.04859897247750463,0.02907621588970291,0.021608276634988963,0.017952816838216618,0.014499379814559184,0.007411946217684793,0.006541380310778137,0.003831550018222013,0.0034335102563521646,0.002359444619212715,0.0014403957174236668,0.0
87,GBM_grid_1_AutoML_20190425_044008_model_22,0.26863297146884474,0.19241774251552657,0.1873335443065927,0.07821630391162264,0.07122310224414465,0.03999267406205089,0.0374822570173468,0.02805206924556487,0.020608853981795093,0.01697771781089924,0.015776847437902117,0.014373724698796964,0.007623300381202418,0.007470473349128099,0.006373632055906058,0.0052196595443029644,0.0022251259683731734,0.0
88,GBM_grid_1_AutoML_20190425_044008_model_6,0.34530823557943524,0.11428876391700085,0.10816163942950194,0.0982223205244232,0.07055557436341407,0.06253125511725363,0.05224025133735367,0.034675435918988716,0.024586987787615325,0.02246617244864716,0.020654241067260243,0.018014710024860776,0.007066223087339514,0.006951580599013364,0.006914212579251335,0.005545712517143521,0.0018166837014974172,0.0
89,GBM_grid_1_AutoML_20190425_044008_model_16,0.3497134147778239,0.1766875060672842,0.15256914871471886,0.1337544175942926,0.0430770879543193,0.041809078094962676,0.03396235649374794,0.01612061347446997,0.012849630394917107,0.012777207815777552,0.012747475836437315,0.006618207498228944,0.002551851457673652,0.002265179753969975,0.001493795551476326,0.0010030285198997077,0.0,0.0
90,GBM_grid_1_AutoML_20190425_044008_model_26,0.28213475641698754,0.1967551823508407,0.1917358316246842,0.15246929602869447,0.05613712942551457,0.045420558666430376,0.02484269936448384,0.014415553137268092,0.012097668672687556,0.009753748947554241,0.004994079085327164,0.0035619944374817364,0.0026453962294326555,0.002454561847844527,0.0005815437647683627,0.0,0.0,0.0
91,GBM_grid_1_AutoML_20190425_044008_model_11,0.1932340121097706,0.17421857931864856,0.14379148980371428,0.0780154189947947,0.06211718705928604,0.054994752867595614,0.05085149818434599,0.04815431578876291,0.03680173115365014,0.03677228379793542,0.02841903691578802,0.028011999743046682,0.026139788115091486,0.01692419161674773,0.0089298567250873,0.0074297253032618625,0.004897876602232513,0.0002962559002401498
92,GBM_grid_1_AutoML_20190425_040839_model_9,0.28189444971210803,0.18399153364593643,0.170592932227932,0.14443657029540727,0.06396769460228617,0.04562318575807499,0.02527271456596753,0.01930761656212903,0.018059690303065853,0.011187021998782026,0.010695939182456995,0.009495109825704286,0.006211622836221286,0.003824145213945161,0.0031797031705286436,0.0014589282496219194,0.0008011418498323953,0.0
93,GBM_grid_1_AutoML_20190425_040839_model_12,0.3098475537481255,0.182410671535672,0.1405551990102304,0.09044780258033305,0.06835233819766495,0.039518721378616666,0.03481506670334671,0.03382208153618804,0.029184407106484667,0.024495890209061667,0.013500230647031083,0.010088843344891255,0.008411238514915449,0.0043291774607253156,0.00426444435265662,0.003852055974204611,0.0014274845749325667,0.0006767931249194463
94,GBM_grid_1_AutoML_20190425_031629_model_6,0.28286684725755407,0.15162333555793353,0.15033517454561005,0.1425495514519172,0.09587729392207854,0.04322731804865131,0.036166565845177405,0.02728762401858692,0.02472205084618592,0.01680608503069893,0.009924800155900084,0.006834579242984968,0.004265651081854624,0.0034532991625878555,0.002196007671412108,0.0009372810465521071,0.0009265351143143593,0.0
95,GBM_grid_1_AutoML_20190425_044008_model_17,0.16772009605269989,0.15756937858023953,0.12267428236738577,0.07590881761740748,0.07529955630875827,0.07255017524679239,0.05852424484944992,0.046722187467247656,0.04154883392099464,0.03529829019573995,0.03457914918113528,0.03283505817146798,0.026166154675492173,0.02279932754356806,0.012526723984112873,0.011077304232078363,0.005584160595828264,0.0006162590096015127
