,model_id,exclusive_use_area,city,supply_area,apartment_building_count_in_sites,total_parking_capacity_in_site,room_count,total_household_count_in_sites,floor,bathroom_count,heat_type_district,total_household_count_of_area_type,heat_fuel_cogeneration,heat_type_individual,heat_fuel_gas,front_door_structure_mixed,front_door_structure_stairway,front_door_structure_corridor,heat_type_central
0,GBM_grid_1_AutoML_20190421_193852_model_8,0.3503361399046181,0.1493028705262563,0.11220386457927224,0.05806607413614804,0.05781483795240397,0.05435345262808084,0.04318806282597131,0.04262751580180885,0.030864685981602087,0.02384060665852442,0.016838065308270297,0.016589862295095913,0.013860734359274644,0.012969098822359184,0.0060103466857566986,0.005579511432413276,0.003357634630143222,0.0021966354720006206
1,GBM_1_AutoML_20190421_193027,0.23933551957047788,0.1799971315679407,0.17041831176985522,0.061696266560765406,0.05526421538689232,0.0523297730699834,0.04183666378038609,0.03987476012814139,0.02894638715254796,0.026573041145178288,0.0242122191204345,0.023050548482210328,0.02269311907964446,0.010524333746553701,0.009006651859266902,0.006563126063400666,0.004980901661792161,0.0026970298545286524
2,XGBoost_1_AutoML_20190421_193852,0.27497556206025403,0.16477278273480575,0.15985027951060765,0.0642096992239708,0.0639778192775196,0.05545853582381307,0.03805297909478725,0.03749751539379938,0.035703693169239874,0.026765389116866028,0.02442465965276399,0.01654519826135489,0.013920335869220602,0.0072983584624138065,0.007065046090354299,0.004577890985578815,0.0026639684048288463,0.0022402868678213445
3,XGBoost_grid_1_AutoML_20190421_193852_model_2,0.24715002311842083,0.22799388557457118,0.1670635239766616,0.06425595404788938,0.05283077272423834,0.049066058401875064,0.04008308069982443,0.03789096039690117,0.03743096317380566,0.021834930440294973,0.015035771283549779,0.013189619501450735,0.006669440506263483,0.005814498129271274,0.005113878267333038,0.003216055124453359,0.0028080653348304856,0.0025525192983652527
4,XGBoost_1_AutoML_20190421_193027,0.23289535357004382,0.22677334703066243,0.15153175839038238,0.06658425772447711,0.06486456285089436,0.04526853329500737,0.03823233165686268,0.03572639056193894,0.030678215536265714,0.022803682492132205,0.022369127765463705,0.018907654761291515,0.017226650178198993,0.010856995570465895,0.006956467791510001,0.0033248245157890682,0.0027424854692986392,0.002257360839315166
5,XGBoost_grid_1_AutoML_20190421_193852_model_4,0.22796750172935795,0.15191773078688656,0.14834197841853286,0.0802185426097651,0.07716950163319185,0.06559839290478822,0.04460025898187214,0.04367239270460842,0.03712256649755589,0.03165984097893525,0.025138411060612695,0.020803263806739594,0.014331739079372414,0.008557378326349946,0.006397231825919972,0.006156210138585433,0.005414017930616646,0.004933040586309074
6,XGBoost_grid_1_AutoML_20190421_193852_model_5,0.2467651060301604,0.20538408125154306,0.18803430000339846,0.0620154023370759,0.0576056289402212,0.05014461391787223,0.04180490760478237,0.03218138447206506,0.022989977853482287,0.022184951827904163,0.019984900707896578,0.01906047283495728,0.0122170220185179,0.006283376590084985,0.004576804772339066,0.0038462968822619943,0.0034148928345296117,0.001505879120907459
7,XGBoost_2_AutoML_20190421_193027,0.24082013669713295,0.22679120676770226,0.17329081476705183,0.056900046055901585,0.05427230618353432,0.05098265525549383,0.04196867546192359,0.032833592161433195,0.030537718683079227,0.025166339235550148,0.024276083009753594,0.018648854403023257,0.008838599567255799,0.0046712913924981565,0.0037328582839614407,0.002573817356435586,0.0024716347690614316,0.0012233699492078239
8,XGBoost_grid_1_AutoML_20190421_193027_model_6,0.21747070202318522,0.1722741459784422,0.13875022265964645,0.07717840075106377,0.06564745776309835,0.053331026393705024,0.04388884624978924,0.04325894875975455,0.03500641779953185,0.033788911989184496,0.02883581719324341,0.022914794957308183,0.0226547706471761,0.02215568239669205,0.008527399935622734,0.0066661344504041365,0.004559080583948345,0.0030912394682038897
9,XGBoost_grid_1_AutoML_20190421_193027_model_4,0.2199439444836747,0.2001261816311557,0.17698889148874777,0.06184466813676238,0.056075048518841285,0.04967377614635938,0.038855615059584646,0.030400060296149976,0.029674913333283783,0.02901677293931027,0.02691163428068511,0.021283117637005442,0.01830755219435004,0.018048054027547483,0.01195341089917202,0.007023007556108802,0.0025260155344579093,0.0013473358368032986
10,XGBoost_2_AutoML_20190421_193852,0.25561816667449916,0.20050954917428557,0.16665838061693294,0.06609694264353831,0.05575867653014451,0.05195737494041956,0.03402296637040926,0.03331987651466511,0.0325859184025477,0.02371264780219268,0.022879691934107906,0.021340601316442373,0.012498195746937467,0.009191628927102725,0.0077351278292320715,0.003078829767075799,0.0018500883006260125,0.0011853365088408316
11,GBM_1_AutoML_20190421_193852,0.3045852993321184,0.17673733164957475,0.1409104282178345,0.07025699983462859,0.059701063784481874,0.04433568959723778,0.034024185920894706,0.03361036462642684,0.02805998079232188,0.025546684154829975,0.021017404715623814,0.015309116325867013,0.015071563069453345,0.010004094196254741,0.009765950906866477,0.004782951637379057,0.0045545574064721275,0.001726333831734072
12,GBM_grid_1_AutoML_20190421_193852_model_5,0.25002562435656944,0.1481181470984951,0.12547190322337315,0.09356874780690912,0.0611768529839113,0.05655271216239585,0.05184707593357081,0.04854246009503284,0.03411908853451533,0.03335489149399528,0.02180961733091886,0.018123908415412778,0.01615196161664417,0.012193420495710332,0.010200374422477542,0.00846839404915721,0.005192194669115329,0.005082625311795541
13,XGBoost_grid_1_AutoML_20190421_193852_model_7,0.2670566530684467,0.19896277283747596,0.1860280965894451,0.0664908583418581,0.05807829300215201,0.0378582524286724,0.03646031668686685,0.030324234499880587,0.023134775017863252,0.019763984605809526,0.016856814227223463,0.015077559047899002,0.014693515287643405,0.012820109251159418,0.00484354354538251,0.004459355157236609,0.003766057622213156,0.0033248087827719283
14,XGBoost_grid_1_AutoML_20190421_193027_model_1,0.2582513778054027,0.14951214669682564,0.12972278305242552,0.07286727756689457,0.06708759266727214,0.06555818908873963,0.04325658024131244,0.04166222513379948,0.038260111132533435,0.03499745832607969,0.024417912924414146,0.022029837461580323,0.018271589002008246,0.013994208368407028,0.007740330963560523,0.006335502387877231,0.0033402087862069167,0.0026946683946603533
15,DRF_1_AutoML_20190421_193852,0.2897921882609081,0.15001985978074336,0.11481717742314401,0.061238839855000324,0.05768015476336424,0.053663764292668815,0.04992312291466815,0.04156472000609713,0.03798595871528704,0.03432576995873256,0.02672737404325106,0.023748603448770698,0.0218687880160217,0.013618817558123815,0.00668943051623196,0.0063525538917237915,0.005582106276247905,0.004400770279015355
16,XRT_1_AutoML_20190421_193852,0.19750775159738015,0.18293992613396481,0.15814085077743512,0.07619970658632838,0.05641096248391006,0.04992004635946795,0.04898480410912632,0.04815837257126952,0.0376411254257132,0.032754875258317766,0.02251380559735877,0.021414822049306097,0.02069205893780659,0.01921817189903034,0.013194596467764743,0.0075906658250979985,0.0037103503981655572,0.0030071075225566405
17,GBM_grid_1_AutoML_20190421_193852_model_18,0.1410390715407983,0.1266176942600009,0.12178315495648673,0.11167646776206863,0.11081450137028714,0.07293262018600846,0.06618665543503828,0.05730687465399201,0.049815412865593524,0.029532196424239744,0.02713421509137226,0.025935204090310592,0.018825353021197158,0.016168641277002287,0.013874066148647704,0.005277099372804028,0.002851253360643589,0.00222951818350863
18,GBM_4_AutoML_20190421_193027,0.28944046355135183,0.19027501457000245,0.16943468126253727,0.06224046436948332,0.050680910804917025,0.039938835321337206,0.03605130841308903,0.03408512101622905,0.029744392212511857,0.022824309113240883,0.020126899800573646,0.019007481971373984,0.013468717944966967,0.0068578388359339295,0.006587054472023015,0.005758488096130945,0.001968595441753789,0.001509422802543777
19,GBM_4_AutoML_20190421_193852,0.27749963236180414,0.18532082296033162,0.1704058147870075,0.06689080292855731,0.05648513670707744,0.0341335744249846,0.033865046651876764,0.03109131057864411,0.02794842745933083,0.02763901058866558,0.025195005159511563,0.020772415579290184,0.017912768338135942,0.0102844351015133,0.00895309416719714,0.002225926167723446,0.0016986338566924919,0.0016781421816560115
20,GBM_grid_1_AutoML_20190421_193027_model_2,0.22813469519390944,0.15184613742461742,0.1490131180115916,0.08125591327634134,0.05735220775365274,0.050374219744363534,0.04316786876716946,0.04272116565034518,0.03961104451843033,0.034284932692794236,0.033570271745327736,0.025616240821157838,0.025584010495440887,0.014738915271408408,0.010077826296254356,0.008227251594369447,0.003001417922254584,0.0014227628205714705
21,GBM_3_AutoML_20190421_193852,0.2588131025940744,0.19437639541371204,0.18258915598705397,0.05588368908266771,0.04753281964037263,0.045216589237738386,0.03125492943309715,0.029308839156103696,0.02898308618207491,0.02716559242769534,0.025552643979521582,0.02378243005569841,0.02210706800758428,0.008044510677351912,0.007945662951208006,0.004824568881195422,0.004243689543531874,0.0023752267493182475
22,XGBoost_grid_1_AutoML_20190421_193852_model_10,0.2778039737307347,0.20337269530255803,0.19727937038755577,0.05940596306825749,0.05408125374548467,0.04170050694360203,0.0356646733962242,0.029639287359577986,0.027201251445872907,0.026969750839704678,0.01968728192270392,0.01588675405766845,0.00486042256850242,0.0026658511207424376,0.0017443564126295298,0.0015252500141486186,0.00026548485658746813,0.00024587282744474527
23,GBM_grid_1_AutoML_20190421_193852_model_15,0.20868527835523784,0.19049573788913593,0.18953571166959618,0.05722150857812832,0.05657844493316269,0.04876539412837392,0.04727586974334696,0.036322010723225315,0.029831676494877075,0.0284217356992528,0.028153489074097874,0.026661400160857274,0.019828478249078425,0.01585479095441055,0.009528743505069987,0.004396776766946387,0.0015685221612923472,0.0008744309139101118
24,GBM_2_AutoML_20190421_193027,0.22401020254332715,0.19585439257709636,0.1938203886446172,0.0543557532886129,0.05343499957802927,0.04043898683081317,0.04004820222523812,0.03934705257905093,0.03276941193986319,0.029742271780212652,0.02946363528874319,0.02166424795568631,0.015337227025441352,0.013992113479559148,0.006625720593925411,0.004444923960722646,0.003449476315249471,0.0012009933938115043
25,GBM_3_AutoML_20190421_193027,0.3377461871557915,0.18937079984634966,0.11222408653331745,0.05599584261199881,0.05020351683013477,0.04324207650869276,0.040381019636289706,0.03220957442139029,0.023458105342865077,0.022481549048279634,0.021409786375704457,0.019507062474823363,0.015961024901131857,0.01567715852259366,0.014387686897945725,0.0028370125467333833,0.0017687220511513762,0.0011387882948064997
26,XGBoost_grid_1_AutoML_20190421_193027_model_2,0.2436551198803999,0.20563654568183437,0.16817710730102473,0.07460911167917313,0.062186827799555616,0.03837449672701046,0.03475637141103889,0.03370119370744185,0.02745849389426253,0.025278562824833078,0.022187288746839343,0.021583039867902935,0.014734894087183583,0.010214137377263701,0.006880679185862004,0.006675483474193872,0.0023105783609925585,0.0015800679931874534
27,GBM_grid_1_AutoML_20190421_193852_model_7,0.2293263629198428,0.15307547187108725,0.10295006060121951,0.09859872606773763,0.059673966167218505,0.05414263626785627,0.052149778651763755,0.04914983691131759,0.048777596583527906,0.03427284656501824,0.03076564703621106,0.028020721853119143,0.02432060783530937,0.014288561270674937,0.007401299046544725,0.0071113366960702026,0.003854859168316743,0.0021196844871643567
28,GBM_2_AutoML_20190421_193852,0.30002006449704594,0.2095957985089395,0.1503853499354469,0.04709752466966078,0.04461175396282781,0.041407166312365525,0.03405543295913926,0.02999467125061162,0.029517347198705527,0.02947345124293124,0.026297798547907435,0.017002194846796513,0.013843866799767065,0.012293847541432637,0.005566699000659963,0.003373705262576226,0.003072516175775646,0.0023908112874104393
29,XRT_1_AutoML_20190421_193027,0.1866626894693955,0.18508439185764303,0.17999336395091706,0.06957172571173252,0.06645267568084846,0.04978653227348698,0.04929102384892303,0.0443309851237695,0.04391666623446806,0.03284222529396653,0.031213577298207493,0.0175179132491009,0.011513223382311975,0.009873472082637625,0.00791140478564056,0.006021034357783893,0.004312264016034309,0.003704831383132589
30,XGBoost_grid_1_AutoML_20190421_193027_model_3,0.2565671422082718,0.21689133135993227,0.1704638875176183,0.061906295590493154,0.0593951970121184,0.051828458362666766,0.03486780913273631,0.0313928520557784,0.028617206399943886,0.026472250908266447,0.024440148301748784,0.01372198322881656,0.006045936407428473,0.005746985472662306,0.0052366621946660025,0.0028517270348065726,0.0018996478567850168,0.001654478955260525
31,DRF_1_AutoML_20190421_193027,0.21378724156204665,0.19109458727398168,0.1546685099506116,0.06924074627355845,0.060370069316294704,0.05125115099461111,0.04890311151581969,0.04455189124021258,0.037277218595766576,0.02787013612076188,0.02418300563113512,0.022232684012643028,0.01936601812278635,0.012398563782879795,0.009990356096391264,0.005443935492002475,0.0040486725368743415,0.0033221014816227027
32,GBM_grid_1_AutoML_20190421_193027_model_6,0.18880892663180004,0.16190659059875773,0.1226525655584193,0.08803676614270702,0.0788404531580235,0.0685919416881507,0.06144297533989751,0.04587173944399955,0.03575286087041092,0.03401046333251779,0.02716963095475563,0.025605870780634952,0.025361749867162504,0.01396149473070467,0.008972064046292545,0.0062203496221879895,0.004883600940087167,0.0019099562934904936
33,XGBoost_grid_1_AutoML_20190421_193852_model_1,0.30244682860706973,0.26069135677275634,0.17269439700015876,0.04644018367905878,0.04163639115191208,0.036042472084303986,0.03080748580369533,0.024247926376048192,0.023791732216809167,0.019169002892969113,0.01571224029454553,0.013353385256567827,0.005606521967284207,0.0036942833607036263,0.0022260568200350734,0.001113286091286379,0.00032644962479590797,
34,GBM_grid_1_AutoML_20190421_193852_model_16,0.24986078411837442,0.19961053920283303,0.13041005715783016,0.08661879403056028,0.04999352910940144,0.046075552701112056,0.04207775112915079,0.04092658439766252,0.03262406816203831,0.02770866681949169,0.024200669696710173,0.02357633443501975,0.01867800990985515,0.011825072484490088,0.006512858207869447,0.006027872593743366,0.002153906212039125,0.0011189496318182058
35,XGBoost_3_AutoML_20190421_193027,0.28235736606134915,0.20601382151690542,0.17232282613703204,0.049963366207889714,0.04878793927711107,0.03123875252799891,0.03018988323816694,0.029008741204994987,0.0261734413382757,0.025973856756488615,0.021723064350639826,0.021316914963649524,0.018325581132310097,0.01401516722997971,0.010356042326372788,0.004566175763326317,0.0042382817250930125,0.0034287782424162034
36,XGBoost_3_AutoML_20190421_193852,0.21411291350303804,0.20705218389200247,0.2017117001406037,0.05641402931495147,0.05609604788281808,0.04996352205277355,0.04713406790283024,0.033982726724095934,0.03263918941600155,0.031469424731079276,0.021776599597432732,0.016488907762734085,0.012777146460356478,0.00637835598962133,0.004431447593226241,0.0031317663770788914,0.0025640171568666104,0.0018759535024893339
37,XGBoost_grid_1_AutoML_20190421_193852_model_3,0.25126575163039716,0.2299482646993494,0.21646502558033318,0.06878805484565732,0.05828665797798732,0.04540377632349825,0.03168724323714614,0.028682301100347744,0.022629356414704135,0.014911617454550786,0.012877338995681486,0.007295211202579937,0.00370478371011922,0.0023034258362716366,0.002291847397826682,0.00171085663809181,0.0014498082028191132,0.00029867875263865743
38,GBM_grid_1_AutoML_20190421_193852_model_20,0.27257149197933234,0.1997060938914913,0.14689868811697984,0.05270484542067976,0.051854807222492805,0.049032841946461354,0.03534007203261526,0.034973752769734974,0.03430126396614208,0.033364699274385054,0.02168695385813118,0.02018525502573567,0.015754519481064024,0.014521577848770647,0.012854967696517776,0.0017991785961047134,0.001775665092650599,0.0006733257807106523
39,XGBoost_grid_1_AutoML_20190421_193852_model_9,0.2328956121977231,0.18005989846525247,0.16204674145472983,0.07892682460014425,0.05921287401313521,0.05307462612585409,0.03988291945893776,0.03749128109528654,0.034141733288328376,0.026479881200074686,0.023971610178172273,0.02277356489474266,0.01764631780512577,0.016092143020982257,0.008432538464132142,0.0029241912868912356,0.0028343033431995537,0.0011129391072878321
40,XGBoost_grid_1_AutoML_20190421_193027_model_7,0.2827931849294611,0.19352517323065527,0.16410792170320843,0.0643662756461495,0.055967894228948,0.04209629682589682,0.039841815129052154,0.030633822108451357,0.02595353541503101,0.025232472952462243,0.025101282895766058,0.017636688290636762,0.014909171484868798,0.007082559992006077,0.006739385139736714,0.0025692756213245645,0.0007440471351309649,0.0006991972712141651
41,GBM_grid_1_AutoML_20190421_193027_model_5,0.17281247595049218,0.1580688038352081,0.09231293487353828,0.08874202032359209,0.08711125796646539,0.0689989412583628,0.06863273788528614,0.04898389334410173,0.04777796671714848,0.044567089372772484,0.02643554294746863,0.021076684070931762,0.020671079594124866,0.01846383587709499,0.012947899490334418,0.009244373166784258,0.007139912733683045,0.006012550592610385
42,GBM_grid_1_AutoML_20190421_193852_model_12,0.27584699772949006,0.2373815967505807,0.2170696146647906,0.07100620159316663,0.04936758661935847,0.04131449107777212,0.04027512877654215,0.019973091250133447,0.012608642226194358,0.011218822367757762,0.009199431247395095,0.008744301571771734,0.002928611309518917,0.0015519221769882312,0.0009447337811103382,0.000491615775695573,7.721108173379198e-05,0.0
43,GBM_grid_1_AutoML_20190421_193852_model_13,0.2572563569548056,0.1819707026187735,0.17822038329541626,0.06419588189074998,0.05857150479153632,0.05040507247073248,0.031193801960307774,0.029529276107133132,0.02758521385827423,0.026070565310894564,0.025034542630318023,0.021662371539073497,0.01765611492720516,0.0149884285176808,0.0078293061867063,0.004563016542581177,0.002713681461778075,0.0005537789360331362
44,GBM_grid_1_AutoML_20190421_193027_model_3,0.26574943070379786,0.21270895470541745,0.20021694633389764,0.08263790140800997,0.07436442841628386,0.0360273055075318,0.029228972466161216,0.019031061860640193,0.018841007952872975,0.017629780125712775,0.013429709608367289,0.01155403063696606,0.009153691096054625,0.003741909189154118,0.0024112787900077474,0.0016587689895457764,0.0016148222095786445,0.0
45,GBM_grid_1_AutoML_20190421_193852_model_17,0.25678128921002763,0.21277931999949484,0.1808879536464405,0.05976211451240586,0.04692410240900092,0.04144853112941216,0.03196110078343217,0.028040809823228777,0.025009165451532707,0.02378776245555239,0.02201698026488986,0.021637793122054456,0.020191233235952476,0.012705070001739599,0.0075143570038456505,0.006602117553454855,0.0017526478791710443,0.00019765151836409158
46,GBM_grid_1_AutoML_20190421_193027_model_7,0.28498923114027175,0.2046100777655172,0.17077906755342048,0.057184889516482366,0.03751950995702623,0.03451032045116641,0.034177715137009235,0.03123604440599499,0.025262123626386763,0.025105508244871365,0.023986454126052378,0.023344232445397097,0.019651538614778544,0.013620587738825215,0.008651716313790999,0.0037931677030514427,0.0014620306147203317,0.00011578464523721124
47,GBM_grid_1_AutoML_20190421_193027_model_10,0.41481909854368526,0.19080515650225702,0.07140866623913569,0.061535599063594446,0.06093347235916535,0.04294474753923138,0.03748455876702549,0.03370125030472888,0.026908613336076637,0.01886744041551478,0.012366142806941764,0.008043924419102164,0.00538250750425284,0.0045637007974310825,0.0034619825062558915,0.0029912748854289293,0.0026221803087581462,0.001159683701414227
48,GBM_grid_1_AutoML_20190421_193852_model_3,0.3321815655069734,0.21013207727792407,0.2090026183707199,0.052969980086903644,0.04439715815559087,0.026567553180644594,0.02629990858299185,0.01721247523754052,0.016358752836872926,0.015773303980626586,0.015645633567379705,0.013989880328581469,0.005703501450771799,0.005190952033989195,0.0032977641641273427,0.0027561915709355296,0.002520683667426552,0.0
49,GBM_grid_1_AutoML_20190421_193852_model_14,0.2915394389327825,0.2388143341082513,0.20135273698581557,0.054323722133947,0.05182084667020689,0.036064696783909445,0.02579222118126896,0.025414210433806483,0.024364583092749914,0.01771626986410616,0.009208385689600201,0.0072983997735040105,0.006633246670901425,0.005007508389800397,0.003762925993603061,0.0006828883723924839,0.00020358492335415473,0.0
50,GBM_5_AutoML_20190421_193027,0.26778692707339563,0.23973711156692618,0.2156277373396784,0.04624851902067018,0.045722021124204225,0.04061045723148845,0.03834924482830353,0.02155426796970392,0.019224852035968094,0.018302643801072792,0.013592220674239801,0.010149798693529855,0.009831902496396957,0.00572272186004044,0.005021383253705009,0.001897767671328658,0.0006204233593478997,0.0
51,GBM_5_AutoML_20190421_193852,0.24386344234788146,0.2313713178300758,0.21068219279872832,0.0528769232921107,0.047742150368285906,0.03870285615439234,0.03332455792094869,0.02954058990756969,0.029013838222632083,0.024895565220681544,0.017344300706133714,0.013797893302521277,0.011131216750215866,0.008102812120168132,0.003811905895481182,0.0034435203673131736,0.00035491679486012817,0.0
52,GBM_grid_1_AutoML_20190421_193852_model_9,0.1757099605119385,0.16357109802976394,0.16217563162173773,0.07102726581036214,0.06413372309936127,0.05896250047916871,0.05573146816679386,0.051295044596557836,0.03242207331607057,0.03154783262966485,0.028601001162626163,0.027405384981087782,0.027399756540498386,0.018757264427413368,0.013722434345216306,0.012040129893701122,0.003907815593537488,0.0015896147944999522
53,GBM_grid_1_AutoML_20190421_193027_model_4,0.28146434929865977,0.2218493486887828,0.18096672404317168,0.05439830704426461,0.03737736147904081,0.03004731389639006,0.029767194317051167,0.02910836367849721,0.02608795032509815,0.026018289193827763,0.02166177247594949,0.017987124346510324,0.015281837050032996,0.012845734125007897,0.007726645629313412,0.006321494870803408,0.0010901895375984734,0.0
54,DeepLearning_grid_1_AutoML_20190421_193852_model_1,0.09172371832276104,0.08844457610458309,0.06904768959350407,0.06467461793417692,0.06397589306251036,0.06320244851993313,0.06137789879773032,0.05469991636803879,0.05270376343880121,0.051790676704492056,0.0516677257511658,0.050077766382303567,0.046939999445465994,0.04634857851621282,0.04387132373868137,0.03709845328613731,0.03583458538806619,0.026520368645435943
55,DeepLearning_1_AutoML_20190421_193027,0.09977849097403896,0.07544842849874071,0.06761383328388532,0.06209133113751121,0.061771558780602163,0.06011040537899354,0.057860823976251564,0.05565935591913141,0.05509940340611145,0.05232475612637147,0.050818320732964536,0.050792592879669106,0.04944879427316541,0.044908720255749136,0.04229537460270323,0.03860985069724103,0.037905727644308655,0.0374622314325611
56,GBM_grid_1_AutoML_20190421_193852_model_2,0.261515021137725,0.23959272197937853,0.19219558180145355,0.04734918184666868,0.044340089315228495,0.03196330273033788,0.02950593954607731,0.0282626028311473,0.0272065971650782,0.022220812901132255,0.02147542151343074,0.019683248243963516,0.018587747402931554,0.005980036025713665,0.003512764959813867,0.002797122782953921,0.0025157168206853264,0.0012960909962802265
57,GBM_grid_1_AutoML_20190421_193852_model_21,0.3171254551944146,0.2738216917441283,0.17875677904840767,0.05017328841635552,0.029663223832134673,0.022339012580486275,0.021132301005393574,0.02033633460905425,0.020245360945952806,0.016020906745274125,0.01576960601649601,0.014939347629179131,0.012286323379664796,0.002202097685021938,0.002139275562153931,0.002058608578894931,0.0007514562069785599,0.00023893082000889536
58,DeepLearning_1_AutoML_20190421_193852,0.08227102148509953,0.08168638838962669,0.06736541768527765,0.06697399665297038,0.0629901729076825,0.060256267083065036,0.05967947996360968,0.05908339664688632,0.05313179721267828,0.05082586976487456,0.04870416583396138,0.04856833237415868,0.048496649575768935,0.043280987980795924,0.04308266132201396,0.042995644544245044,0.041600610393396235,0.039007140183889226
59,GBM_grid_1_AutoML_20190421_193852_model_1,0.19271313103201593,0.18269629449647537,0.17512598596454054,0.09934756202605184,0.09865303413085104,0.06983555054841906,0.05163837663694985,0.03641388812691005,0.032874758287233526,0.021170059301032128,0.01180193061524181,0.009856092414913219,0.0053364597787169555,0.004614638787531471,0.004592805936663514,0.002901305490484603,0.0004281264259691235,0.0
60,DeepLearning_grid_1_AutoML_20190421_193852_model_2,0.06622368694274305,0.06230773737302017,0.05987463536291143,0.05846439727088188,0.05840671231522647,0.05727826763938959,0.05715498351321022,0.05639530967233342,0.0559630632816121,0.055477833097284476,0.05449452841183007,0.053829821202136634,0.05292069698552253,0.05256089822557303,0.051182699875233294,0.049730175008197826,0.04957314988017484,0.04816140394271896
61,DeepLearning_grid_1_AutoML_20190421_193027_model_3,0.06576957447786051,0.05860705151153213,0.05691726131757612,0.0567142552041461,0.056619261593242626,0.05613428533929325,0.05580793493016056,0.05556624063804094,0.05553718432225947,0.05472927212909723,0.054595950995339544,0.054555910357267236,0.05446413128750527,0.054239670072041786,0.05405324236652324,0.05309817475217848,0.05211929601235387,0.050471302693581625
62,DeepLearning_grid_1_AutoML_20190421_193852_model_7,0.09246770918785487,0.06580724244986032,0.06046665477081808,0.05896984025396155,0.057693507981498304,0.056954277378827335,0.05690604619892819,0.05556649696458136,0.05483286053944411,0.0533721243340514,0.05296142351899654,0.050888292974562065,0.048810108380079875,0.048614378304458965,0.04757188816441044,0.04756957884383248,0.04618610291495974,0.044361466838874375
63,GBM_grid_1_AutoML_20190421_193027_model_9,0.24489793582957248,0.19054026653883274,0.17027494845018668,0.05712246876506724,0.054330752062810204,0.04695975682846865,0.03465271202613038,0.0338212542244252,0.03023723507995248,0.03004309986702612,0.026865798751850117,0.02357557089627261,0.022298161195217183,0.016408351020479685,0.007735094517675533,0.004509270007865444,0.0034639943353486067,0.002263329602818631
64,DeepLearning_grid_1_AutoML_20190421_193852_model_6,0.09913352025446585,0.059336908396855,0.05823671598091541,0.05781382185803995,0.05584420592330905,0.055495047943501394,0.053551312632749724,0.053350796885093185,0.05269394901202727,0.05240010938877068,0.05237738407374234,0.05138276451365598,0.05073678886618865,0.05069719978384597,0.05038399696315104,0.05010138409458865,0.04975268700260528,0.04671140642649455
65,DeepLearning_grid_1_AutoML_20190421_193027_model_1,0.10719815205723125,0.08152308434753751,0.07868747830302865,0.07504193186358617,0.05894852528515279,0.05674048391518571,0.055154972287634545,0.05469805858671941,0.05157799165611431,0.050145131758790575,0.04999274519313576,0.04452879276253554,0.04447260023641754,0.04422218264774091,0.04422182803005945,0.03835652186339247,0.0325417151714169,0.031947804034320515
66,DeepLearning_grid_1_AutoML_20190421_193852_model_3,0.10966892337896643,0.0640953166184301,0.0629781813913778,0.05924409316137761,0.05814673822219577,0.054507184864364275,0.053854964843594255,0.05262754764804811,0.051277000448380426,0.050835519588435095,0.049227936503275685,0.048933621377293145,0.04891223631061496,0.0483973833947536,0.047938815399152825,0.047438487202276315,0.04722460385160837,0.044691445795855225
67,DeepLearning_grid_1_AutoML_20190421_193852_model_8,0.1223213931974316,0.06589516693596664,0.06506009375748094,0.06426143874032912,0.05728912160284355,0.05604425115008116,0.05503002176151008,0.05164965448825368,0.05160623339519584,0.050601879562085575,0.0499518937597003,0.0499441216355798,0.04841120138942832,0.04837353648022896,0.04511945893300751,0.043236658219354455,0.04211665211714338,0.033087222874379096
68,GBM_grid_1_AutoML_20190421_193027_model_8,0.2574471561853894,0.1434489781460789,0.11141174769561958,0.08557691538312678,0.07699040218800429,0.07449347058121826,0.061126547565925296,0.05617862849611987,0.04220609444345951,0.03148000562508314,0.017455819422416145,0.013924578922604834,0.008839471856169888,0.0050301063726104845,0.004079264898798317,0.003744658060894649,0.003548110136424612,0.0030180440200560468
69,GBM_grid_1_AutoML_20190421_193027_model_1,0.30928716665761774,0.16408392654614107,0.13307934427469448,0.12798993621634774,0.05636810465749975,0.04047938678853346,0.036479650103051826,0.035985283843569214,0.03243314904167318,0.014958949002944767,0.01263636350522226,0.008408213305635025,0.007646952900644058,0.006785149375805355,0.0047715694608604425,0.0030112721339734133,0.0029516682063998054,0.0026439139793863952
70,DeepLearning_grid_1_AutoML_20190421_193027_model_2,0.06453185583839016,0.05942155407701627,0.05912581604754545,0.058874919329968335,0.05855246421760048,0.05748553870576227,0.056885708269617585,0.056257445256914465,0.055479172708797535,0.054658412844573394,0.054122967270307985,0.053800973725741406,0.053156928940633084,0.05237075204391935,0.051813193525574605,0.05143579261286351,0.05127994424476359,0.05074656034001054
71,DeepLearning_grid_1_AutoML_20190421_193852_model_5,0.12857432865217655,0.07068272177658634,0.06992757860813271,0.06464217419187789,0.06049431261343102,0.057650834868456846,0.05681479061960844,0.05619811769897494,0.051637385869480024,0.050993744644777066,0.050307646925460636,0.046306662593857545,0.044496326093529,0.04326837544580134,0.04117533540218825,0.04019244072919122,0.037720077962539185,0.028917145303931004
72,GBM_grid_1_AutoML_20190421_193852_model_4,0.18201547979500102,0.16675336487614362,0.16341147066035167,0.07832773979509865,0.06881376353518927,0.05688644501047314,0.05047506497927579,0.04778372151121849,0.03552951418147815,0.03335946840705317,0.03031579749015805,0.025935996722113722,0.017280730932270602,0.015164805250782242,0.014393766907937958,0.012541693021086113,0.0010111769243683272,0.0
73,GBM_grid_1_AutoML_20190421_193027_model_11,0.27362191881029985,0.23495303456993988,0.19685152972772477,0.04754390707834868,0.0400430342048417,0.035147246982562615,0.03147196627728253,0.028656346304737713,0.02471479467818152,0.021219205631079742,0.019457934887350925,0.01831326736217956,0.010041751677001505,0.006952664016407027,0.00565997722140271,0.004509807633198071,0.0008416129374612477,0.0
74,DeepLearning_grid_1_AutoML_20190421_193852_model_4,0.10137858415768312,0.0944004048178384,0.09340093494420543,0.07463489299591045,0.07426326493173808,0.07155214028270865,0.05996762441033631,0.05296234385477456,0.051986506724657586,0.05169531216826881,0.05010579716395113,0.049708055854801925,0.040554422350095244,0.0374906555944816,0.025365018781625902,0.024434805052616512,0.024240550970797272,0.02185868494350901
75,GBM_grid_1_AutoML_20190421_193852_model_19,0.357779153281566,0.20061377432402946,0.1333101044567877,0.05323688670986796,0.03711376155534661,0.03709956717191858,0.025182570699332794,0.024879844022429314,0.021127350022294298,0.020893304122052984,0.018331407171737556,0.018318874922776812,0.01741570244788279,0.01564386599245702,0.007090253722057137,0.00521232343510781,0.004232367973826648,0.0025188879685284693
76,XGBoost_grid_1_AutoML_20190421_193852_model_11,0.19575682178755072,0.1776239927559405,0.13329721726601643,0.09446912048265844,0.08549937064703553,0.07176540795544471,0.0433233420823498,0.03594023783949947,0.0327274392030455,0.032297720997277964,0.032084725575921284,0.031056531828058488,0.018844127112980957,0.008157650610192775,0.0035875747640315052,0.0030306170705899174,0.0005381020214059763,
77,GBM_grid_1_AutoML_20190421_193852_model_11,0.2851273746627915,0.23692413452311387,0.17204805614858568,0.04349158233777597,0.04140514663851847,0.035396080987448,0.032158331346576384,0.029060566819900983,0.028747120505802148,0.023926564164080302,0.021275193725561158,0.019391274206460776,0.00979872299115495,0.007436161807615239,0.006760755476031776,0.0059005708826211315,0.001152362775961728,0.0
78,GBM_grid_1_AutoML_20190421_193852_model_6,0.3777747827699966,0.210150089392261,0.19072659606280123,0.0434765701451829,0.04211251896253479,0.03117090545320606,0.02914103406833215,0.017822890201463534,0.015202445562666256,0.012358799561408946,0.009360946867008654,0.0070663400677859175,0.005960541862308259,0.0033402527738493524,0.002218891264324041,0.0016693516265854696,0.00044704335828480254,0.0
79,GBM_grid_1_AutoML_20190421_193852_model_22,0.2661879308720378,0.2204882637838377,0.17712761001951946,0.053706194689892114,0.046706321236932316,0.04029562854733517,0.033416812012934644,0.030598818537424737,0.027653642517717045,0.025035975195514384,0.02229844549130616,0.019986049500698225,0.012187491240394891,0.011210447358685864,0.00725874837831115,0.003296297250480102,0.0025453233669782156,0.0
80,GBM_grid_1_AutoML_20190421_193027_model_13,0.2977349176420999,0.2926446397513833,0.15443310380429195,0.13243824165212065,0.0820209721500216,0.0407281250000826,0.0,0.0,0.0,0.0,0.0,0.0,0.0,0.0,0.0,0.0,0.0,0.0
81,GBM_grid_1_AutoML_20190421_193852_model_23,0.4230523854532425,0.18345554730909905,0.15472131099581826,0.04579142326803217,0.034813150354018434,0.033402247099277756,0.02904283072946761,0.019919711389823503,0.015782943295259953,0.013437278751498655,0.013280830446760223,0.011174533177396782,0.007271403380971235,0.004839467904820114,0.0047919581013936815,0.003503894134582258,0.0017190842085378706,0.0
82,GBM_grid_1_AutoML_20190421_193852_model_10,0.23366961298899339,0.10707838391124841,0.09920336501964802,0.09766471355235086,0.07909323460656015,0.060050876906279506,0.05988207677524134,0.0569626301277716,0.05092011204540745,0.05087524432332149,0.027259209696379804,0.023621855040017514,0.01520390023169725,0.012480939398611316,0.010700410639185946,0.010088432721701708,0.002775245709720038,0.0024697563058641977
83,GBM_grid_1_AutoML_20190421_193852_model_24,0.3774158640799379,0.1536226260762853,0.15261521012632506,0.058571875742440015,0.05844834007802502,0.05420096720333295,0.03343960333811453,0.03199980234334571,0.02389799288030962,0.01900665749962448,0.01349169715354322,0.007578171699767862,0.006282600565539282,0.004033185900924587,0.0022544124407208915,0.0014146496264756648,0.001246077770646279,0.00048026547464167645
84,GBM_grid_1_AutoML_20190421_193027_model_12,0.2527491546972533,0.1534023437800351,0.08496988210550753,0.07882082798603907,0.0776833195366509,0.07652093190910444,0.07566212637353599,0.06679042968069805,0.060436075576051296,0.035225330926901936,0.015894142467550738,0.011502274615678673,0.004758041108086014,0.0040787132778592645,0.0008198607947866913,0.000533057972312002,0.00015348719194902333,0.0
85,GLM_grid_1_AutoML_20190421_193027_model_1,0.11103906092369716,0.11072856440523593,0.08972934524723161,0.08342856081367714,0.0728183636039944,0.06488296992304078,0.06462516841571053,0.06069222835910995,0.060692228353179854,0.05955420391594201,0.05599954129949551,0.04628681840369009,0.04184871231971399,0.03834283296535323,0.01967752470233589,0.009363909991796543,0.007408529800758156,0.002881436556037339
86,GLM_grid_1_AutoML_20190421_193852_model_1,0.11103906092369716,0.11072856440523593,0.08972934524723161,0.08342856081367714,0.0728183636039944,0.06488296992304078,0.06462516841571053,0.06069222835910995,0.060692228353179854,0.05955420391594201,0.05599954129949551,0.04628681840369009,0.04184871231971399,0.03834283296535323,0.01967752470233589,0.009363909991796543,0.007408529800758156,0.002881436556037339
87,XGBoost_grid_1_AutoML_20190421_193852_model_6,0.28145908127746216,0.27232356262017543,0.2494390742148581,0.05862755910597265,0.03620720589424685,0.02872659140507383,0.020094054994421205,0.015530347893338802,0.009609816379511717,0.006917816942642926,0.006524059740046132,0.005581829275775117,0.0031706666535677823,0.0020171773736132304,0.001286313589117912,0.0012204550702932058,0.001171385980263911,9.300158961898939e-05
88,XGBoost_grid_1_AutoML_20190421_193027_model_5,0.26784059911099933,0.24939644212766232,0.22019236600431705,0.058080864005855576,0.03429644811044354,0.032818870366368116,0.02714014430841647,0.02702402743119911,0.018361046262571273,0.015271939916487648,0.013405265535805767,0.011953529716414021,0.010718046683518046,0.004331224178525692,0.0031040222540954375,0.003063617282343543,0.0026657591056913365,0.00033578759928575165
89,XGBoost_grid_1_AutoML_20190421_193852_model_8,0.24815701685794048,0.2441368592016848,0.23895371719336625,0.06280219727448948,0.05619655387687141,0.029247695686040118,0.027719093855666198,0.02629255288765894,0.01631747034781526,0.014273880495359539,0.01278078843919492,0.00786599923732575,0.004478370257363389,0.003936109414531029,0.002545377224004811,0.0020050471573737046,0.0018784664083036967,0.00041280418501025767
90,XGBoost_grid_1_AutoML_20190421_193027_model_8,0.5730875748966805,0.23187494397466973,0.07120622410605808,0.06989342852130394,0.029695830812421962,0.013681145717304683,0.010099994165106022,0.0004608578064551092,,,,,,,,,,
