,model_id,exclusive_use_area,city,supply_area,apartment_building_count_in_sites,total_parking_capacity_in_site,room_count,total_household_count_in_sites,floor,bathroom_count,heat_type_district,total_household_count_of_area_type,heat_fuel_cogeneration,heat_type_individual,heat_fuel_gas,front_door_structure_mixed,front_door_structure_stairway,front_door_structure_corridor,heat_type_central
0,XGBoost_grid_1_AutoML_20190425_034434_model_5,0.2793376849616361,0.16814316694845863,0.15514549699170202,0.11625285058968177,0.06512523689044374,0.053838234811348924,0.053165195694137794,0.0371778799475837,0.02871206105492286,0.014038795518820648,0.008442865331974482,0.006995088051997011,0.0056737050820469415,0.0026668345545619947,0.0020889873704098955,0.002070096748780084,0.0009234036548889259,0.00020241579660452765
1,GBM_1_AutoML_20190425_031629,0.23461252454006,0.18311103003655207,0.1680731394118001,0.0633306398511979,0.061695846382301224,0.05190479896381766,0.04724756984331684,0.038105972381550605,0.03351555069202854,0.03332262009612266,0.029157969336946088,0.023295429042188197,0.015430592623921118,0.006546688562097758,0.003954871747586412,0.003275278630325271,0.0028992014382193277,0.0005202764199681956
2,GBM_grid_1_AutoML_20190425_034434_model_4,0.2237942579308509,0.14375968195908134,0.11136092292813082,0.08685353644395612,0.0781441445527887,0.06746274305932197,0.050818895466031654,0.043254470023838955,0.042499105910845304,0.03652117918403476,0.03498959538655709,0.02583588294578605,0.024651283042808364,0.013231623332464278,0.006514472078991464,0.005286935934177224,0.0043714305623678874,0.0006498392579671201
3,XGBoost_1_AutoML_20190425_031629,0.26472848472663485,0.18299025656011467,0.14357375481491272,0.0752984449726709,0.07128481603958176,0.05909288706273908,0.055430882136960194,0.03767847507379015,0.02626354225637272,0.019978677207936453,0.017494430866238423,0.015509981781676535,0.01057666335816858,0.008694185235726664,0.004780063524874908,0.0044773447048208495,0.00202441604983631,0.00012269362694424272
4,XGBoost_grid_1_AutoML_20190425_034434_model_3,0.2750572652827755,0.18705103954942773,0.12922729163828192,0.06992919555163526,0.06708601809633447,0.060337551078169724,0.05851900504834714,0.03228281819661722,0.025376520319372254,0.022450288203173057,0.022431529859881744,0.014769707173943773,0.014381622408699887,0.01048824840575566,0.0049401861278057305,0.0032405764555070208,0.00238658127447142,4.4555329800478684e-05
5,GBM_1_AutoML_20190425_034434,0.25907803557323156,0.18637493646728542,0.18301294270815416,0.06579469708315175,0.06534363629926278,0.05041708284263187,0.04791242965234616,0.02697655065594993,0.023952188998144063,0.023933525902606875,0.02389134669825534,0.012954781405426321,0.010906741715415053,0.009162752723511951,0.0043083335211674696,0.004278833719415427,0.0013589328102351446,0.000342251223808742
6,XGBoost_1_AutoML_20190425_034434,0.2282133472538727,0.2205650338921834,0.15750998656080842,0.09407853635158861,0.06444667457855559,0.058435308254753605,0.04918046679923892,0.03559079959521793,0.024409163372894123,0.015932233557269585,0.012528724684285135,0.01074850449875356,0.010330263739728139,0.009538774608889194,0.003035866676667809,0.002802573748359018,0.0025260530431987704,0.00012768878373547722
7,XGBoost_2_AutoML_20190425_034434,0.22158176656472325,0.17956200609564915,0.16105892692948018,0.07850701446331963,0.060518108081426915,0.05533053187979545,0.05441681714865427,0.04237720749135787,0.03956163476357767,0.030597642441358614,0.027575606971177398,0.015598884236607578,0.015477618289590616,0.01092495498060347,0.003566957638624935,0.001683133223778454,0.0016594620353749256,1.7267648996186506e-06
8,XGBoost_grid_1_AutoML_20190425_034434_model_1,0.2918926393576761,0.17281509341148032,0.16522151495546683,0.12472851569680916,0.05172729614390174,0.05128157962072987,0.04802127608049948,0.02426752338105928,0.01975162649665578,0.015293497881440748,0.01076246679014075,0.010344002261561881,0.006385096702699021,0.002706907198458353,0.0023949062335176263,0.0015220764431725128,0.0007773171979842394,0.00010666414674628115
9,XGBoost_grid_1_AutoML_20190425_034434_model_4,0.276023013183447,0.1713687547749843,0.1646589543780675,0.09443957804268131,0.06208798881114044,0.05602103290420396,0.05231647401714477,0.034993660183543884,0.027865328152754835,0.019294680244118293,0.013925782518954348,0.008367792810926951,0.008221310201117238,0.004222118872211144,0.0023323533884828944,0.0021782038314852826,0.0015491126884368091,0.0001338609962990009
10,XGBoost_grid_1_AutoML_20190425_031629_model_1,0.26576287337341636,0.1765923369898969,0.1764980612124377,0.07724677573465655,0.061146522244359604,0.060794821662864366,0.04543889940402602,0.033297503522372124,0.029114665042273093,0.024211501698708747,0.015132639467556556,0.01089798925721828,0.01001269376740832,0.006479903251178024,0.005355126314255883,0.0012348797348972753,0.0007374894340574751,4.531788841673378e-05
11,GBM_4_AutoML_20190425_034434,0.24421855511479762,0.22496850695712167,0.16204251240006753,0.062150196494668304,0.06146103003286448,0.053807793934834265,0.04710047968225394,0.031075807242313992,0.02719938156654636,0.024468738460998573,0.02062313801964254,0.01575886059367073,0.0106251453810544,0.004980962900686452,0.004814877544274567,0.0023329908345151524,0.0021363313460803614,0.00023469149360903717
12,XGBoost_2_AutoML_20190425_031629,0.2675541653112113,0.1800526921766936,0.1412825132148329,0.08939439991280874,0.06242327848485869,0.056608049268039765,0.050620849452889694,0.03813659946489484,0.027208777761479324,0.023281095444470722,0.018269932218540317,0.013694966636142033,0.012666045720470372,0.011296195170546813,0.003968139285485889,0.0019717524331423044,0.0015339629313575256,3.658511213516944e-05
13,XGBoost_grid_1_AutoML_20190425_031629_model_2,0.22657515049520938,0.1483273969592962,0.10414907893538894,0.08870552352529279,0.08374898575718329,0.06052208638888403,0.05777177876261228,0.046798789862028574,0.041467846567577474,0.04082605735585247,0.03135546789955871,0.02078222887802943,0.01976173203370707,0.013644196689483615,0.006293977283478023,0.004571528786564039,0.0043326305750792425,0.0003655432447744496
14,GBM_4_AutoML_20190425_031629,0.3366715472578785,0.1491546840817559,0.13738395424299588,0.060955911607095604,0.05331934705800984,0.05315282543667136,0.04739878501030543,0.04378949237597037,0.03193977225357826,0.0251691612204688,0.018363117254188373,0.01343840391983996,0.012376004713499688,0.007167726647898533,0.005441510758684452,0.0024497081964704533,0.0017789616720859187,4.908629260267172e-05
15,XRT_1_AutoML_20190425_031629,0.2152249164576252,0.1983263736655095,0.16003104536889462,0.06026784415821949,0.05936588700426088,0.04652165705544101,0.046391120534411655,0.04090663124580299,0.03863853717258713,0.034633512435738686,0.029698410582489926,0.022059300187351704,0.016242368863519315,0.013450748031444384,0.007443316623759593,0.006025123091964145,0.00434531096441422,0.00042789655656553664
16,DRF_1_AutoML_20190425_031629,0.22725709270632985,0.16016713579834557,0.15774494756119656,0.05621618539557939,0.05483308100726274,0.05270548270050746,0.04642454449529792,0.04448034916771158,0.04397796996719483,0.0435784099692549,0.03741901036676656,0.027931196330685623,0.017359925806815214,0.01238633783821006,0.007283534078478481,0.005986623885081578,0.003803176748881928,0.0004449961763997785
17,GBM_grid_1_AutoML_20190425_031629_model_3,0.2327798542550303,0.19236023060877067,0.15411323960668066,0.07684313774700122,0.06310866096051593,0.055233371548829346,0.049655039658496686,0.034179097483198244,0.03162958520598975,0.03155387354647413,0.025248248902209575,0.018451025079177726,0.01292333020188968,0.008059932789002048,0.007042549465139708,0.004086872069163386,0.0026887478597555116,4.320301267542453e-05
18,DRF_1_AutoML_20190425_034434,0.2087884557870811,0.1882026632660357,0.16060797813014888,0.06065427022278624,0.05588685019238475,0.053065353913004584,0.052152720391858594,0.04174901304009036,0.04095975213055077,0.03479018619778766,0.03150280739479654,0.022002477707066304,0.021668697751197705,0.014047153042536138,0.006763484682671854,0.0036455838069073838,0.003025736495636247,0.00048681584745918126
19,GBM_grid_1_AutoML_20190425_031629_model_1,0.30426155756153095,0.1625306182647692,0.1530732923112493,0.13505318766331925,0.05771633930728872,0.05460871802391983,0.04527807936046298,0.026555124419949956,0.0249612215379943,0.01023539570493297,0.007625536107043046,0.0059356304030974815,0.004874401797888105,0.0029007812073233667,0.0021353295080713073,0.0018711570736899203,0.0003836297474693271,0.0
20,GBM_2_AutoML_20190425_031629,0.2920027626834817,0.18138815449021867,0.17061156234823896,0.061158004856656886,0.05288154800015027,0.050951920382202864,0.04150579653141693,0.027955595993449624,0.02709439167144313,0.02477407289734738,0.02187978215760009,0.019507623981970767,0.011151041481099116,0.00768421557790254,0.003533468059249225,0.0029461438914854805,0.002773003010266817,0.00020091198581952737
21,GBM_2_AutoML_20190425_034434,0.25512703271841725,0.22418798093273443,0.18503782768141375,0.06216249959596575,0.053899555200186494,0.05071522306229169,0.04773702915966654,0.03215769261906059,0.021925431081122812,0.01936182376902948,0.017485701770852964,0.007553332487603404,0.006466726356815796,0.006001102408638321,0.004061108333747756,0.0030311937962894846,0.0028857685448370847,0.00020297048132642443
22,GBM_3_AutoML_20190425_031629,0.20777466989343646,0.19223436185850432,0.19135105819092993,0.06613189416931906,0.0575742050699827,0.05188409498409534,0.046819844891586464,0.045010398026272505,0.036761746902863324,0.02574565970396092,0.020722002811629413,0.020488960863863766,0.01771457951827332,0.012712553979838222,0.0027581170670902045,0.0021191651106533603,0.001971691309726871,0.00022499564797382832
23,GBM_3_AutoML_20190425_034434,0.2301509793555654,0.21917897974191028,0.18236220882985305,0.058600838484452654,0.05672260461802292,0.04927801443439119,0.04434289268336431,0.035413665015215305,0.03085058848611805,0.02111365871527345,0.02000767171967885,0.019610035252407045,0.015442461577286497,0.00994622451518464,0.002747041313763634,0.0022241735574136706,0.0018047232034686853,0.0002032384966303788
24,XRT_1_AutoML_20190425_034434,0.2315459433228972,0.19120350893086785,0.15304437249653857,0.06466642172945092,0.0589847489832858,0.0488621063322051,0.04527734387409195,0.04246445814796025,0.036447809864884044,0.03523925359244722,0.028624339554584342,0.0162114904918992,0.01605878376144459,0.012815176570908592,0.00804300479890221,0.005664040121542269,0.004390608591047386,0.00045658883504248103
25,XGBoost_grid_1_AutoML_20190425_034434_model_7,0.2578772742163546,0.18728282942928381,0.17287917950978238,0.0635844535173464,0.050824241043551675,0.045644902466295274,0.04346921840302402,0.0367246138086579,0.029360748808115664,0.024893800966100107,0.02255797086520427,0.018337832465736312,0.01747141775117739,0.014553633450694286,0.005929187260053584,0.004987490057999167,0.0033483337767706615,0.000272872203852493
26,XGBoost_grid_1_AutoML_20190425_034434_model_6,0.2951057061175463,0.18826246073076613,0.16839737317772527,0.11428356167352566,0.05482885501726154,0.04873239439097005,0.04453184238687459,0.02754363311922574,0.019358677436787285,0.014514263667703519,0.012178332348178318,0.0057749259779417755,0.0034756691964389665,0.001249752261117344,0.0011475701311684367,0.0006149823667690595,,
27,XGBoost_3_AutoML_20190425_034434,0.26827725518358947,0.21729913400197784,0.1838091543139195,0.059686379103283345,0.051797666418973765,0.04310343518713484,0.03872746324527267,0.03618982259351776,0.0272981447404107,0.02031286563869793,0.015402182992715386,0.011533244090214282,0.010656657691437471,0.007246664317266437,0.004611168584950381,0.0029744802874457875,0.0008320849444114436,0.00024219666478097568
28,XGBoost_3_AutoML_20190425_031629,0.2715706632526157,0.20608468991657403,0.1886728932767971,0.08875424688754983,0.04752979818333967,0.039462067401358714,0.03872161226099298,0.037164759609539896,0.017669585628416085,0.016271669996425514,0.016184893821224455,0.009693488759773753,0.00816103591495184,0.006699425308660079,0.0036282433604079805,0.0018363884415632233,0.0017927957079661684,0.00010174227184297135
29,GBM_grid_1_AutoML_20190425_034434_model_5,0.2567377296765232,0.2415645461468283,0.19437360919376828,0.061884607784454225,0.05092428983914223,0.049348772240601274,0.03715443164669051,0.03639719786762503,0.025859357960384362,0.0111919051535925,0.008920090453832545,0.0074604935036840505,0.007362332469034461,0.006883028514212791,0.0021954861221264144,0.0012693656754793352,0.00047275575202051595,0.0
30,GBM_grid_1_AutoML_20190425_034434_model_2,0.19274552146877502,0.16422570493452757,0.164218489974033,0.0738756616597131,0.06334536844442604,0.05856203643162194,0.05812359915995008,0.04723376041335044,0.03409176824596375,0.030716162002115157,0.02961664813778193,0.023363918788364496,0.022310979653841972,0.02115559946312262,0.006827560604241339,0.006125711604367657,0.0033755033606133896,8.600565319054428e-05
31,GBM_grid_1_AutoML_20190425_031629_model_6,0.28286684725755407,0.15162333555793353,0.15033517454561005,0.1425495514519172,0.09587729392207854,0.04322731804865131,0.036166565845177405,0.02728762401858692,0.02472205084618592,0.01680608503069893,0.009924800155900084,0.006834579242984968,0.004265651081854624,0.0034532991625878555,0.002196007671412108,0.0009372810465521071,0.0009265351143143593,0.0
32,GBM_5_AutoML_20190425_031629,0.23911293371053513,0.22719409703680912,0.21160570220075364,0.060689869868191214,0.05848181323000961,0.04571660041814434,0.03561128197942624,0.02887728015531466,0.02822395404473544,0.02166916356798359,0.012247883106024135,0.010867934144066132,0.009400281997881288,0.0037524981026674188,0.0036223140313666555,0.002208389661589089,0.0007180027445022826,0.0
33,GBM_5_AutoML_20190425_034434,0.2479084170703548,0.23842167133712985,0.22484323553508226,0.06393593227515482,0.052752948662346845,0.05182134176729903,0.02885892744094773,0.02759424025523162,0.015015673471298306,0.013594616380531886,0.010684450352764082,0.009794893455243859,0.007552413634334721,0.004969978365162633,0.0008308759040613012,0.0007534390001792292,0.0006669450928770485,0.0
34,DeepLearning_grid_1_AutoML_20190425_034434_model_4,0.08100687061909698,0.06609663195179634,0.06143448752546949,0.059999346429705204,0.058600495481220004,0.05839143120673392,0.05521043756396042,0.0547718511445756,0.05386666884008404,0.05323821580794567,0.0531322568827142,0.05249381874884976,0.052101932476415896,0.051326488896962806,0.050686524993202114,0.04664481365028686,0.045527341709629805,0.04547038607135091
35,DeepLearning_grid_1_AutoML_20190425_034434_model_6,0.0987573251516991,0.08433441467493885,0.08381723598523083,0.06067370741742286,0.05933836098791761,0.05817742845069608,0.05738309472540633,0.05558728502476052,0.054893667522790866,0.05193507695680415,0.04932200896443258,0.048119730386731785,0.04623887993340886,0.045958204833446904,0.0458140470129262,0.04107560770710797,0.03203964659106944,0.026534277673209074
36,DeepLearning_1_AutoML_20190425_031629,0.10460537584465517,0.08157250637753656,0.07032777588655663,0.06916961843219135,0.0683714616952213,0.06453518670947857,0.06050095777966716,0.05821089207892832,0.05079878600094074,0.049717939010825656,0.04702112593309115,0.04490640618873025,0.044850129383187914,0.043266560180301256,0.04082575481756437,0.038582429541459726,0.03726451042890542,0.02547258371075844
37,DeepLearning_1_AutoML_20190425_034434,0.09172793987645285,0.06923085466958462,0.06900608939217977,0.06376354181067316,0.06285191658995,0.06258147109136497,0.06143181118607907,0.05858079130625184,0.055127579814069363,0.053798517742705006,0.0527410438588816,0.05055874305177114,0.05029810608900864,0.0443306371806115,0.043638110265509435,0.04204213190953633,0.03440577944955541,0.033884934715815294
38,DeepLearning_grid_1_AutoML_20190425_031629_model_2,0.07034445041423279,0.06356769662412788,0.06094880104402785,0.059122275579668836,0.05886497258681411,0.0588050357105963,0.05793797405844786,0.057110882902345894,0.05656123302636512,0.054552653755403996,0.0528869201249783,0.05271209480208374,0.05152931109472711,0.050063492837373484,0.049152062383256735,0.04885038639557773,0.048505653969851806,0.04848410269012046
39,DeepLearning_grid_1_AutoML_20190425_031629_model_3,0.10866550413713141,0.07440556485612289,0.07199020604597832,0.05946611900873102,0.05679867009695569,0.05585673100520418,0.055658153619579515,0.052413959784889504,0.05115438042903571,0.04886959083239477,0.048129344548247945,0.04756564100195857,0.04756226002425884,0.045970166045514564,0.04506716649002893,0.044910180959382866,0.0443148795209323,0.041201481593652986
40,DeepLearning_grid_1_AutoML_20190425_034434_model_1,0.09001158579106142,0.08966888947944428,0.07076763335354316,0.0704507002934076,0.06157513676050783,0.06020225375657795,0.05898336546470046,0.05834129609338491,0.05730460688945291,0.052480000793177654,0.0511533918508947,0.049917608832046066,0.047666833108430666,0.04490778040913106,0.0421911818141575,0.035304147496664204,0.034602509324598976,0.02447107848881866
41,GBM_grid_1_AutoML_20190425_031629_model_2,0.31278524171229033,0.1655686288772126,0.13540306986211795,0.09445279035506768,0.06952788851199222,0.05206707104066452,0.0493990644421853,0.0476525895996671,0.028856926240623294,0.01579904050051498,0.008871061911846516,0.004769192193368966,0.004161712918680457,0.003991900946693449,0.0036546139615400144,0.0015059764093555835,0.0012843521058149559,0.00024887841036403617
42,DeepLearning_grid_1_AutoML_20190425_034434_model_2,0.10954604294859349,0.06815538999830081,0.06797001229884497,0.06391915273112996,0.0592281782408637,0.055123378862109815,0.05507832563657196,0.0540926198268805,0.05198204924093591,0.05067211038479036,0.04940766222753209,0.04908382094825659,0.047351253454027575,0.04613145369622261,0.044756837343618336,0.04320278182904036,0.042576202462509406,0.04172272786977155
43,DeepLearning_grid_1_AutoML_20190425_034434_model_3,0.1242754973267001,0.09242862410151238,0.08389587327401726,0.06530284045818247,0.05671520822725941,0.05579219472517491,0.05425591913232242,0.053731764322231486,0.04899701179684248,0.04831091277262776,0.046783700129848706,0.04602816046365327,0.04544979091585292,0.04315605714101503,0.04014590586656351,0.0343576659505788,0.03262190915995142,0.02775096423566568
44,GBM_grid_1_AutoML_20190425_034434_model_6,0.2121760185060808,0.13471714055648598,0.1199788608086956,0.08900193987895871,0.07756711527703519,0.06494804453194607,0.050356204437381834,0.04329294532732858,0.042240683833156115,0.040707640955599436,0.03850804042998496,0.029007193646155328,0.022534513214163856,0.013618369923967677,0.010199301349335452,0.007737492004567672,0.0032604976454079044,0.00014799767374882317
45,GBM_grid_1_AutoML_20190425_034434_model_7,0.3386440140723969,0.15307165746767684,0.1280839210413968,0.11515419572771052,0.05917993636569824,0.0554630244836733,0.053849100106276214,0.03353236492085216,0.017026496728764873,0.011240462530338587,0.010643776858591964,0.009577274714450221,0.005756169112162451,0.004114101973596317,0.0025320792102981413,0.0013822605546919139,0.000749164131424569,0.0
46,DeepLearning_grid_1_AutoML_20190425_034434_model_5,0.12901200534030696,0.06679176268989698,0.06355952950957064,0.06100008100730003,0.06035811670596258,0.0553278936470618,0.05159168425173064,0.051435148573420846,0.050951673137939704,0.0499294678216408,0.04706863248431334,0.046647397600019264,0.04633566425376619,0.04583520608325952,0.04580342449219748,0.04351455398283758,0.04331872386215493,0.04151903455662072
47,DeepLearning_grid_1_AutoML_20190425_031629_model_1,0.10930410285945905,0.07672142339511913,0.06999837922285862,0.0662607443264697,0.06015269313597216,0.054333254615456496,0.05273270013409402,0.05188609124175586,0.051511835215680875,0.050770935978683984,0.04868006342970222,0.046538464839828826,0.046282166729675174,0.045930025980482625,0.04505241530730927,0.041790058526651845,0.04110126651737796,0.040953378543422195
48,DeepLearning_grid_1_AutoML_20190425_034434_model_7,0.10703251338203389,0.08864526991122183,0.08688180484159555,0.06991323907010161,0.05382130531528663,0.05323642995348079,0.05269666499033252,0.05162241102213101,0.051297103867110776,0.04994679671543985,0.048808816573827137,0.044921363694688,0.04470681338185335,0.04280135039774249,0.041717689657822604,0.03858606721796452,0.03686210803770142,0.036502251969666034
49,GBM_grid_1_AutoML_20190425_034434_model_1,0.1922727133004793,0.1882649758409157,0.14205715731289306,0.06314902454571884,0.05942819311476268,0.05411706529899638,0.0536955972786448,0.04545132391639928,0.038973819757175905,0.03781271372111657,0.031073436049571263,0.03044821263297742,0.027543135317779775,0.015529996635404128,0.008079785949994889,0.006016965966152514,0.005704035872574471,0.00038184748844302603
50,GBM_grid_1_AutoML_20190425_034434_model_3,0.2551513446468919,0.19287024114066756,0.16717937935305374,0.052499809003625136,0.048957633674745794,0.047494405180532176,0.04675532870895692,0.044054066282344366,0.03527780335554463,0.026890422224788102,0.021985979387585158,0.019233185096519556,0.017215390594478595,0.013481920104639566,0.005175357399058674,0.003401886084822999,0.002367000637031587,8.847124713588918e-06
51,GBM_grid_1_AutoML_20190425_031629_model_5,0.23897916616545875,0.2188745527284774,0.20757993875092337,0.06541821402833645,0.05266967789549986,0.042652710402177524,0.033298266661961,0.03233489962249681,0.03095748972777354,0.023340672640787197,0.021683025686219354,0.012493243867378573,0.006892979200088112,0.005436147366260954,0.003458967581402528,0.00275491554145554,0.001175132133303039,0.0
52,XGBoost_grid_1_AutoML_20190425_034434_model_8,0.30531300844594306,0.1713714936284303,0.1664445594616999,0.06956708800055751,0.05362767613995117,0.0526117888910837,0.052310799364340965,0.050986812143665246,0.02263345303901282,0.02214152240174931,0.011398591829981236,0.006659532963421057,0.00549296729227664,0.003573667577713399,0.0020000206489841606,0.0018818290296959614,0.001844180376762432,0.000141008764731139
53,GBM_grid_1_AutoML_20190425_031629_model_4,0.236607580294069,0.16213409422266384,0.10660144757679273,0.07695884410183358,0.06962735640280453,0.06707367339483553,0.058312965125491945,0.04774779821344732,0.04463118943388775,0.04338944529197476,0.026322276824052974,0.0176214044073155,0.014558842660372514,0.012104176995782685,0.006191595230355528,0.0058706590359911765,0.0037899077001657014,0.0004567430881629313
54,GLM_grid_1_AutoML_20190425_034434_model_1,0.11008545666121575,0.10989627312126594,0.08612376931517556,0.08002634745465546,0.07165009069936347,0.06767601591617602,0.06767601590537353,0.06387776002479054,0.06286062304741706,0.06072123981458591,0.059638057799864114,0.04381176069539335,0.04059780522100641,0.039925592295924725,0.02086850318040733,0.005061839902892836,0.004928005337942024,0.00457484360654981
55,GLM_grid_1_AutoML_20190425_031629_model_1,0.11008545666121575,0.10989627312126594,0.08612376931517556,0.08002634745465546,0.07165009069936347,0.06767601591617602,0.06767601590537353,0.06387776002479054,0.06286062304741706,0.06072123981458591,0.059638057799864114,0.04381176069539335,0.04059780522100641,0.039925592295924725,0.02086850318040733,0.005061839902892836,0.004928005337942024,0.00457484360654981
56,XGBoost_grid_1_AutoML_20190425_034434_model_2,0.19933958956120093,0.19619230772231105,0.18026547827928124,0.0671227223370576,0.05836162410904057,0.05177305873662651,0.050020399760559775,0.038318858370078875,0.03091686135191771,0.02717386416197773,0.026871482038397575,0.023720282289778797,0.016840250662220276,0.014588958896028344,0.011748120983924276,0.0041980329887515355,0.0023486905740143847,0.00019941717683281588
