,model_id,exclusive_use_area,city,supply_area,apartment_building_count_in_sites,total_parking_capacity_in_site,room_count,total_household_count_in_sites,floor,bathroom_count,heat_type_district,total_household_count_of_area_type,heat_fuel_cogeneration,heat_type_individual,heat_fuel_gas,front_door_structure_mixed,front_door_structure_stairway,front_door_structure_corridor,heat_type_central
0,GBM_grid_1_AutoML_20190421_195113_model_42,0.2170574874053437,0.16264235243790962,0.15919377032444937,0.08441282144803754,0.07238375925490338,0.05452511513857707,0.04940559785227467,0.03705132551872191,0.03118460355849414,0.030814791327764404,0.030504757633862685,0.02252088133056547,0.012978070747993965,0.010116435400471701,0.010091502809958101,0.008002610543062625,0.004678589745239691,0.0024355275223699774
1,GBM_grid_1_AutoML_20190421_193852_model_8,0.3503361399046181,0.1493028705262563,0.11220386457927224,0.05806607413614804,0.05781483795240397,0.05435345262808084,0.04318806282597131,0.04262751580180885,0.030864685981602087,0.02384060665852442,0.016838065308270297,0.016589862295095913,0.013860734359274644,0.012969098822359184,0.0060103466857566986,0.005579511432413276,0.003357634630143222,0.0021966354720006206
2,GBM_1_AutoML_20190421_193027,0.23933551957047788,0.1799971315679407,0.17041831176985522,0.061696266560765406,0.05526421538689232,0.0523297730699834,0.04183666378038609,0.03987476012814139,0.02894638715254796,0.026573041145178288,0.0242122191204345,0.023050548482210328,0.02269311907964446,0.010524333746553701,0.009006651859266902,0.006563126063400666,0.004980901661792161,0.0026970298545286524
3,XGBoost_grid_1_AutoML_20190421_195113_model_6,0.25482992267138366,0.19485727290115065,0.13663960927830907,0.06565450778297521,0.058644906292780075,0.053778275140552216,0.04627434239152706,0.035680793268783775,0.031056462903155675,0.03099970089864935,0.025299699994903644,0.023168516637879617,0.01590394028950203,0.012680854523085466,0.006800765962040026,0.0047461030199815795,0.002156923878545718,0.0008274021647951712
4,XGBoost_1_AutoML_20190421_193852,0.27497556206025403,0.16477278273480575,0.15985027951060765,0.0642096992239708,0.0639778192775196,0.05545853582381307,0.03805297909478725,0.03749751539379938,0.035703693169239874,0.026765389116866028,0.02442465965276399,0.01654519826135489,0.013920335869220602,0.0072983584624138065,0.007065046090354299,0.004577890985578815,0.0026639684048288463,0.0022402868678213445
5,XGBoost_grid_1_AutoML_20190421_195113_model_13,0.24900203349578018,0.22039923727068847,0.15071687819211735,0.05709511292880361,0.0528306421822944,0.04740023125588827,0.034851664058980845,0.03147074434563419,0.030648455185099652,0.027763869269500873,0.025206156860649018,0.023566380261409385,0.018659769038643116,0.012241821572817292,0.0086720771424755,0.006116645123785816,0.0021926862068369747,0.0011655956085950669
6,XGBoost_grid_1_AutoML_20190421_193852_model_2,0.24715002311842083,0.22799388557457118,0.1670635239766616,0.06425595404788938,0.05283077272423834,0.049066058401875064,0.04008308069982443,0.03789096039690117,0.03743096317380566,0.021834930440294973,0.015035771283549779,0.013189619501450735,0.006669440506263483,0.005814498129271274,0.005113878267333038,0.003216055124453359,0.0028080653348304856,0.0025525192983652527
7,XGBoost_1_AutoML_20190421_193027,0.23289535357004382,0.22677334703066243,0.15153175839038238,0.06658425772447711,0.06486456285089436,0.04526853329500737,0.03823233165686268,0.03572639056193894,0.030678215536265714,0.022803682492132205,0.022369127765463705,0.018907654761291515,0.017226650178198993,0.010856995570465895,0.006956467791510001,0.0033248245157890682,0.0027424854692986392,0.002257360839315166
8,XGBoost_grid_1_AutoML_20190421_193852_model_4,0.22796750172935795,0.15191773078688656,0.14834197841853286,0.0802185426097651,0.07716950163319185,0.06559839290478822,0.04460025898187214,0.04367239270460842,0.03712256649755589,0.03165984097893525,0.025138411060612695,0.020803263806739594,0.014331739079372414,0.008557378326349946,0.006397231825919972,0.006156210138585433,0.005414017930616646,0.004933040586309074
9,XGBoost_1_AutoML_20190421_195113,0.26603159484865757,0.17355710768017313,0.13166223585936052,0.070226433332161,0.06558331831092219,0.05512145781958919,0.03866043733895859,0.038146979604028304,0.03647490430318671,0.03154571382011381,0.02956042794923901,0.022445231326387753,0.013496557063100927,0.011412964580646336,0.008307833667554365,0.0037132589602033735,0.002324285324583691,0.0017292582111335564
10,XGBoost_grid_1_AutoML_20190421_193852_model_5,0.2467651060301604,0.20538408125154306,0.18803430000339846,0.0620154023370759,0.0576056289402212,0.05014461391787223,0.04180490760478237,0.03218138447206506,0.022989977853482287,0.022184951827904163,0.019984900707896578,0.01906047283495728,0.0122170220185179,0.006283376590084985,0.004576804772339066,0.0038462968822619943,0.0034148928345296117,0.001505879120907459
11,XGBoost_2_AutoML_20190421_193027,0.24082013669713295,0.22679120676770226,0.17329081476705183,0.056900046055901585,0.05427230618353432,0.05098265525549383,0.04196867546192359,0.032833592161433195,0.030537718683079227,0.025166339235550148,0.024276083009753594,0.018648854403023257,0.008838599567255799,0.0046712913924981565,0.0037328582839614407,0.002573817356435586,0.0024716347690614316,0.0012233699492078239
12,XGBoost_grid_1_AutoML_20190421_193027_model_6,0.21747070202318522,0.1722741459784422,0.13875022265964645,0.07717840075106377,0.06564745776309835,0.053331026393705024,0.04388884624978924,0.04325894875975455,0.03500641779953185,0.033788911989184496,0.02883581719324341,0.022914794957308183,0.0226547706471761,0.02215568239669205,0.008527399935622734,0.0066661344504041365,0.004559080583948345,0.0030912394682038897
13,XGBoost_grid_1_AutoML_20190421_193027_model_4,0.2199439444836747,0.2001261816311557,0.17698889148874777,0.06184466813676238,0.056075048518841285,0.04967377614635938,0.038855615059584646,0.030400060296149976,0.029674913333283783,0.02901677293931027,0.02691163428068511,0.021283117637005442,0.01830755219435004,0.018048054027547483,0.01195341089917202,0.007023007556108802,0.0025260155344579093,0.0013473358368032986
14,XGBoost_2_AutoML_20190421_193852,0.25561816667449916,0.20050954917428557,0.16665838061693294,0.06609694264353831,0.05575867653014451,0.05195737494041956,0.03402296637040926,0.03331987651466511,0.0325859184025477,0.02371264780219268,0.022879691934107906,0.021340601316442373,0.012498195746937467,0.009191628927102725,0.0077351278292320715,0.003078829767075799,0.0018500883006260125,0.0011853365088408316
15,GBM_1_AutoML_20190421_193852,0.3045852993321184,0.17673733164957475,0.1409104282178345,0.07025699983462859,0.059701063784481874,0.04433568959723778,0.034024185920894706,0.03361036462642684,0.02805998079232188,0.025546684154829975,0.021017404715623814,0.015309116325867013,0.015071563069453345,0.010004094196254741,0.009765950906866477,0.004782951637379057,0.0045545574064721275,0.001726333831734072
16,GBM_grid_1_AutoML_20190421_193852_model_5,0.25002562435656944,0.1481181470984951,0.12547190322337315,0.09356874780690912,0.0611768529839113,0.05655271216239585,0.05184707593357081,0.04854246009503284,0.03411908853451533,0.03335489149399528,0.02180961733091886,0.018123908415412778,0.01615196161664417,0.012193420495710332,0.010200374422477542,0.00846839404915721,0.005192194669115329,0.005082625311795541
17,XGBoost_grid_1_AutoML_20190421_195113_model_1,0.2908321644565199,0.16126878463764324,0.13978379391651752,0.06439689455978134,0.06163107910231166,0.05828667709094577,0.054806566377106625,0.03445186270776105,0.030090434033241634,0.025648325148919713,0.025017597573662512,0.01611950451349585,0.01519863015514004,0.00947951443004339,0.005199688045859234,0.004919156370786142,0.0018620615814359948,0.0010072652988283677
18,XGBoost_grid_1_AutoML_20190421_193852_model_7,0.2670566530684467,0.19896277283747596,0.1860280965894451,0.0664908583418581,0.05807829300215201,0.0378582524286724,0.03646031668686685,0.030324234499880587,0.023134775017863252,0.019763984605809526,0.016856814227223463,0.015077559047899002,0.014693515287643405,0.012820109251159418,0.00484354354538251,0.004459355157236609,0.003766057622213156,0.0033248087827719283
19,GBM_1_AutoML_20190421_195113,0.23470871728580556,0.17931960568787456,0.13979564001174305,0.07812846313626459,0.06087563629992843,0.05641103972253796,0.04810945402898108,0.047758361849832634,0.03964650117041589,0.02606949489519393,0.021918754554495833,0.018939182881726614,0.016438640160046477,0.011647693181714843,0.0068150609413362455,0.006427630559561944,0.0035805288739091377,0.0034095947586312092
20,GBM_grid_1_AutoML_20190421_195113_model_37,0.27596853520408327,0.19565412129383297,0.17517053700001103,0.07499527466129982,0.058434362249331864,0.03688265408504699,0.03180036739464535,0.029786183315151937,0.024488542548621147,0.022087098403979197,0.018245048755139624,0.017747218621514634,0.016587540321684465,0.007349751697791146,0.006990170490166836,0.0037309670553392457,0.002400611656970729,0.0016810152453897468
21,GBM_grid_1_AutoML_20190421_195113_model_12,0.367537074733431,0.14324440038734332,0.125538206049535,0.05782874702020278,0.05703195756769542,0.053671557557724306,0.04170486378161252,0.04079019342527691,0.03226084396849433,0.02952720591633398,0.019891070391401026,0.012352217114124429,0.00607323044886191,0.005187893963706552,0.0026224905294365618,0.002564071618834681,0.002173975525985237,0.0
22,XRT_1_AutoML_20190421_195113,0.2294978175441879,0.15877263971304878,0.13554130651425647,0.09489753523936048,0.05209305031997371,0.05029371195446353,0.05011888610699222,0.04222920965839896,0.03804398757342586,0.03326395987858326,0.027474882633749444,0.025605812457564967,0.02060755981955501,0.014051721547913492,0.012875399296213012,0.006854241276331948,0.004883334220993121,0.00289494424498785
23,XGBoost_grid_1_AutoML_20190421_193027_model_1,0.2582513778054027,0.14951214669682564,0.12972278305242552,0.07286727756689457,0.06708759266727214,0.06555818908873963,0.04325658024131244,0.04166222513379948,0.038260111132533435,0.03499745832607969,0.024417912924414146,0.022029837461580323,0.018271589002008246,0.013994208368407028,0.007740330963560523,0.006335502387877231,0.0033402087862069167,0.0026946683946603533
24,XGBoost_2_AutoML_20190421_195113,0.258039108817642,0.1810108652974684,0.15691454290147688,0.06508853105463713,0.06305394965577124,0.04913440163916848,0.04232800799275936,0.03652991029845508,0.03427725891089219,0.03141863946098504,0.02781676625715945,0.0245437179538555,0.010049776612265748,0.00891463593654213,0.004093932767428646,0.003438789559863419,0.0018162105865613585,0.001530954297067947
25,DRF_1_AutoML_20190421_193852,0.2897921882609081,0.15001985978074336,0.11481717742314401,0.061238839855000324,0.05768015476336424,0.053663764292668815,0.04992312291466815,0.04156472000609713,0.03798595871528704,0.03432576995873256,0.02672737404325106,0.023748603448770698,0.0218687880160217,0.013618817558123815,0.00668943051623196,0.0063525538917237915,0.005582106276247905,0.004400770279015355
26,GBM_grid_1_AutoML_20190421_195113_model_3,0.25775242733500947,0.17135572989572545,0.15337110887127842,0.0654677420509288,0.05871632972282302,0.04520511922459506,0.041113901111062744,0.035144965649869186,0.032825952207774345,0.029290138942411514,0.027563252791617986,0.025721181166979624,0.019096159668159068,0.018880906027984447,0.006870734234449447,0.005781308631734066,0.0035160228845099724,0.002327019583087426
27,XRT_1_AutoML_20190421_193852,0.19750775159738015,0.18293992613396481,0.15814085077743512,0.07619970658632838,0.05641096248391006,0.04992004635946795,0.04898480410912632,0.04815837257126952,0.0376411254257132,0.032754875258317766,0.02251380559735877,0.021414822049306097,0.02069205893780659,0.01921817189903034,0.013194596467764743,0.0075906658250979985,0.0037103503981655572,0.0030071075225566405
28,GBM_grid_1_AutoML_20190421_193852_model_18,0.1410390715407983,0.1266176942600009,0.12178315495648673,0.11167646776206863,0.11081450137028714,0.07293262018600846,0.06618665543503828,0.05730687465399201,0.049815412865593524,0.029532196424239744,0.02713421509137226,0.025935204090310592,0.018825353021197158,0.016168641277002287,0.013874066148647704,0.005277099372804028,0.002851253360643589,0.00222951818350863
29,XGBoost_grid_1_AutoML_20190421_195113_model_7,0.22225188193387946,0.14920595558822822,0.13501155953410682,0.07768846281117515,0.07078641629358327,0.06248598897454873,0.05101368030834349,0.04420909196254091,0.043681726423952454,0.033449803260367034,0.030361417863993947,0.025612999463897144,0.018008749105747783,0.015649239281308316,0.006609369753756139,0.006441058058976017,0.004190387078683537,0.0033422123029115754
30,GBM_3_AutoML_20190421_195113,0.2736738327462236,0.18187669046936036,0.14323929793454168,0.054681495651229275,0.052999538597424706,0.04781937015612861,0.03706658618398356,0.034226692890365194,0.03394160393460357,0.030986395643607348,0.029027702518624614,0.023883025333289908,0.022376872447158285,0.0179785442070966,0.008731936809455687,0.004352948607062858,0.0016591412030155194,0.0014783246668286173
31,GBM_grid_1_AutoML_20190421_195113_model_21,0.2641025413812416,0.168569983355569,0.1499349145049059,0.06227442962906279,0.05553701297470735,0.05009979616045077,0.04450767884431313,0.03455713918398259,0.033572554276064044,0.0326193960082437,0.023206085379305397,0.021662901324727833,0.021404506330242757,0.019053656452505476,0.007703675023289845,0.005888651118180713,0.002760509909888334,0.0025445681433187554
32,GBM_grid_1_AutoML_20190421_195113_model_43,0.2539863859462217,0.14005402711779608,0.13832864572621176,0.06889372948152606,0.06797899125542121,0.05723418770443466,0.04758997623594991,0.046092950982896085,0.04167663929236973,0.028282852678956256,0.027468961824408174,0.021559725304341554,0.01892437254902271,0.017899935030061806,0.010038353395359183,0.006029010659127026,0.004470897258156677,0.003490357557739424
33,GBM_4_AutoML_20190421_193027,0.28944046355135183,0.19027501457000245,0.16943468126253727,0.06224046436948332,0.050680910804917025,0.039938835321337206,0.03605130841308903,0.03408512101622905,0.029744392212511857,0.022824309113240883,0.020126899800573646,0.019007481971373984,0.013468717944966967,0.0068578388359339295,0.006587054472023015,0.005758488096130945,0.001968595441753789,0.001509422802543777
34,GBM_4_AutoML_20190421_195113,0.23810507943631562,0.19254293483467783,0.19220955402504572,0.05778356228575841,0.05059499023398119,0.050458735378434504,0.034686241847354665,0.03245696638789194,0.029825159211372215,0.027775556312213526,0.021826816662383088,0.019924934420766097,0.01903408028102136,0.018303048148661478,0.00798472602477703,0.0027414624680233155,0.002008802407559837,0.0017373496337621552
35,GBM_2_AutoML_20190421_195113,0.26852640653963966,0.1843883683764485,0.13716267175188732,0.07640237271039284,0.05349783606854731,0.04624481466757071,0.04438809005838095,0.032904994932309514,0.03024247648092281,0.029656757494465898,0.02857871309057247,0.021561069739720235,0.018882859337586638,0.012054210921812443,0.00867553240245921,0.0032842219257308374,0.002258609371004698,0.0012899941305479605
36,DRF_1_AutoML_20190421_195113,0.2214080413879196,0.168630127977266,0.1644209739202904,0.08013489287611275,0.05757040018433726,0.055264563769229204,0.045213881613883136,0.03414128994323692,0.0340084443371825,0.026632699760283488,0.024225399337468152,0.020565852259822836,0.018899182445219213,0.015283065935346842,0.010467053628853952,0.010352776258558714,0.009373361670098918,0.0034079926948900915
37,XGBoost_grid_1_AutoML_20190421_195113_model_2,0.24015918976819958,0.19322585947769763,0.18534042624425925,0.06034335737178493,0.05900943339836331,0.054059090268651425,0.04448311108133681,0.02788387160603578,0.027301826311043182,0.022946213078743838,0.022903943905390137,0.018092135316981492,0.009919484649363514,0.009841161372800496,0.008240858237420738,0.007853597844508876,0.0042653971992903435,0.0041310428681286615
38,GBM_4_AutoML_20190421_193852,0.27749963236180414,0.18532082296033162,0.1704058147870075,0.06689080292855731,0.05648513670707744,0.0341335744249846,0.033865046651876764,0.03109131057864411,0.02794842745933083,0.02763901058866558,0.025195005159511563,0.020772415579290184,0.017912768338135942,0.0102844351015133,0.00895309416719714,0.002225926167723446,0.0016986338566924919,0.0016781421816560115
39,GBM_grid_1_AutoML_20190421_195113_model_1,0.2315796754028371,0.19948593110507942,0.16728610784333373,0.06402955551920107,0.060446711781582,0.046619778447022336,0.0419045435120219,0.03585729008739151,0.02686825420589686,0.026545104421511045,0.025814114838490658,0.02217816334390898,0.01685954764752936,0.013590043888700533,0.008242698957127129,0.006594857168306274,0.003053899760761859,0.0030437220692982165
40,XGBoost_grid_1_AutoML_20190421_195113_model_12,0.25408950420089693,0.18277953656099363,0.16415917446408007,0.06569993704911907,0.05167961755139974,0.04376954046515374,0.04350421793229961,0.02929225532878884,0.02927875034534948,0.027832870536286792,0.027591023830366553,0.02247685121486404,0.018275262737757342,0.01675294539431761,0.008284153369446053,0.006517979110020033,0.004988850484509831,0.003027529424350633
41,GBM_grid_1_AutoML_20190421_193027_model_2,0.22813469519390944,0.15184613742461742,0.1490131180115916,0.08125591327634134,0.05735220775365274,0.050374219744363534,0.04316786876716946,0.04272116565034518,0.03961104451843033,0.034284932692794236,0.033570271745327736,0.025616240821157838,0.025584010495440887,0.014738915271408408,0.010077826296254356,0.008227251594369447,0.003001417922254584,0.0014227628205714705
42,GBM_3_AutoML_20190421_193852,0.2588131025940744,0.19437639541371204,0.18258915598705397,0.05588368908266771,0.04753281964037263,0.045216589237738386,0.03125492943309715,0.029308839156103696,0.02898308618207491,0.02716559242769534,0.025552643979521582,0.02378243005569841,0.02210706800758428,0.008044510677351912,0.007945662951208006,0.004824568881195422,0.004243689543531874,0.0023752267493182475
43,XGBoost_grid_1_AutoML_20190421_193852_model_10,0.2778039737307347,0.20337269530255803,0.19727937038755577,0.05940596306825749,0.05408125374548467,0.04170050694360203,0.0356646733962242,0.029639287359577986,0.027201251445872907,0.026969750839704678,0.01968728192270392,0.01588675405766845,0.00486042256850242,0.0026658511207424376,0.0017443564126295298,0.0015252500141486186,0.00026548485658746813,0.00024587282744474527
44,GBM_grid_1_AutoML_20190421_195113_model_32,0.2403184858236506,0.10776884280660975,0.09575236265553198,0.08513036751603242,0.07408616258538603,0.0658088819756861,0.0599580084310256,0.05591848730155391,0.05561453729278607,0.03891792124188512,0.031506858256339476,0.025969418539380743,0.024961112669233766,0.01138956728783268,0.009486229691218075,0.007194098269206042,0.0054793692617081695,0.004739288394933467
45,GBM_grid_1_AutoML_20190421_193852_model_15,0.20868527835523784,0.19049573788913593,0.18953571166959618,0.05722150857812832,0.05657844493316269,0.04876539412837392,0.04727586974334696,0.036322010723225315,0.029831676494877075,0.0284217356992528,0.028153489074097874,0.026661400160857274,0.019828478249078425,0.01585479095441055,0.009528743505069987,0.004396776766946387,0.0015685221612923472,0.0008744309139101118
46,GBM_2_AutoML_20190421_193027,0.22401020254332715,0.19585439257709636,0.1938203886446172,0.0543557532886129,0.05343499957802927,0.04043898683081317,0.04004820222523812,0.03934705257905093,0.03276941193986319,0.029742271780212652,0.02946363528874319,0.02166424795568631,0.015337227025441352,0.013992113479559148,0.006625720593925411,0.004444923960722646,0.003449476315249471,0.0012009933938115043
47,XGBoost_grid_1_AutoML_20190421_195113_model_4,0.2829441198593985,0.21196620481458953,0.1564147313852439,0.0586315097576623,0.05638408642800452,0.05357151826061157,0.03831608756559737,0.03249429648259784,0.028595128606191535,0.023062568225258342,0.020025597039168855,0.01367631979545075,0.006924695341641246,0.005602645374423996,0.0034316111459157957,0.0034147078064005547,0.00260239264590462,0.0019417794659387657
48,GBM_3_AutoML_20190421_193027,0.3377461871557915,0.18937079984634966,0.11222408653331745,0.05599584261199881,0.05020351683013477,0.04324207650869276,0.040381019636289706,0.03220957442139029,0.023458105342865077,0.022481549048279634,0.021409786375704457,0.019507062474823363,0.015961024901131857,0.01567715852259366,0.014387686897945725,0.0028370125467333833,0.0017687220511513762,0.0011387882948064997
49,XGBoost_grid_1_AutoML_20190421_193027_model_2,0.2436551198803999,0.20563654568183437,0.16817710730102473,0.07460911167917313,0.062186827799555616,0.03837449672701046,0.03475637141103889,0.03370119370744185,0.02745849389426253,0.025278562824833078,0.022187288746839343,0.021583039867902935,0.014734894087183583,0.010214137377263701,0.006880679185862004,0.006675483474193872,0.0023105783609925585,0.0015800679931874534
50,GBM_grid_1_AutoML_20190421_193852_model_7,0.2293263629198428,0.15307547187108725,0.10295006060121951,0.09859872606773763,0.059673966167218505,0.05414263626785627,0.052149778651763755,0.04914983691131759,0.048777596583527906,0.03427284656501824,0.03076564703621106,0.028020721853119143,0.02432060783530937,0.014288561270674937,0.007401299046544725,0.0071113366960702026,0.003854859168316743,0.0021196844871643567
51,GBM_2_AutoML_20190421_193852,0.30002006449704594,0.2095957985089395,0.1503853499354469,0.04709752466966078,0.04461175396282781,0.041407166312365525,0.03405543295913926,0.02999467125061162,0.029517347198705527,0.02947345124293124,0.026297798547907435,0.017002194846796513,0.013843866799767065,0.012293847541432637,0.005566699000659963,0.003373705262576226,0.003072516175775646,0.0023908112874104393
52,XRT_1_AutoML_20190421_193027,0.1866626894693955,0.18508439185764303,0.17999336395091706,0.06957172571173252,0.06645267568084846,0.04978653227348698,0.04929102384892303,0.0443309851237695,0.04391666623446806,0.03284222529396653,0.031213577298207493,0.0175179132491009,0.011513223382311975,0.009873472082637625,0.00791140478564056,0.006021034357783893,0.004312264016034309,0.003704831383132589
53,XGBoost_grid_1_AutoML_20190421_193027_model_3,0.2565671422082718,0.21689133135993227,0.1704638875176183,0.061906295590493154,0.0593951970121184,0.051828458362666766,0.03486780913273631,0.0313928520557784,0.028617206399943886,0.026472250908266447,0.024440148301748784,0.01372198322881656,0.006045936407428473,0.005746985472662306,0.0052366621946660025,0.0028517270348065726,0.0018996478567850168,0.001654478955260525
54,DRF_1_AutoML_20190421_193027,0.21378724156204665,0.19109458727398168,0.1546685099506116,0.06924074627355845,0.060370069316294704,0.05125115099461111,0.04890311151581969,0.04455189124021258,0.037277218595766576,0.02787013612076188,0.02418300563113512,0.022232684012643028,0.01936601812278635,0.012398563782879795,0.009990356096391264,0.005443935492002475,0.0040486725368743415,0.0033221014816227027
55,GBM_grid_1_AutoML_20190421_195113_model_5,0.34482918343131763,0.14145996034533037,0.12126510563304864,0.07128857224130582,0.06078520046577846,0.05818207959813949,0.04188833281736509,0.0361209784686018,0.029498403973497213,0.025397124970620723,0.01987365432013868,0.01687452132281292,0.013049671264473818,0.007669104234983235,0.004941633390618291,0.0042123955196089885,0.002664078002358803,0.0
56,GBM_grid_1_AutoML_20190421_193027_model_6,0.18880892663180004,0.16190659059875773,0.1226525655584193,0.08803676614270702,0.0788404531580235,0.0685919416881507,0.06144297533989751,0.04587173944399955,0.03575286087041092,0.03401046333251779,0.02716963095475563,0.025605870780634952,0.025361749867162504,0.01396149473070467,0.008972064046292545,0.0062203496221879895,0.004883600940087167,0.0019099562934904936
57,GBM_grid_1_AutoML_20190421_195113_model_45,0.28377290804898175,0.20634106393473375,0.17115659897467286,0.06080740690749963,0.05487195455737805,0.04727744048489337,0.033998357782359365,0.029389248137986455,0.02830214370867142,0.026745967235801783,0.02390656750581707,0.018505215488347767,0.006015289239926857,0.004311347812957467,0.0017106469801080458,0.001490726978744701,0.0013971162211196962,0.0
58,GBM_grid_1_AutoML_20190421_195113_model_31,0.3099493810271296,0.21473990962294093,0.18196762816831327,0.053687029488503284,0.05114705476290513,0.04230824379601368,0.03071149987060594,0.026458139433205213,0.021482195316461703,0.017408498172054414,0.014065764044959449,0.011513028758169277,0.007871520394363275,0.006338835947651927,0.00449585153191248,0.0035319744691567354,0.002323445195653699,0.0
59,XGBoost_grid_1_AutoML_20190421_193852_model_1,0.30244682860706973,0.26069135677275634,0.17269439700015876,0.04644018367905878,0.04163639115191208,0.036042472084303986,0.03080748580369533,0.024247926376048192,0.023791732216809167,0.019169002892969113,0.01571224029454553,0.013353385256567827,0.005606521967284207,0.0036942833607036263,0.0022260568200350734,0.001113286091286379,0.00032644962479590797,
60,GBM_grid_1_AutoML_20190421_195113_model_38,0.23409327631185037,0.21414993659672601,0.19995133127052866,0.056297346707674896,0.0535810106931022,0.051049030475981486,0.038845046733560686,0.03242432887447478,0.03034423271177988,0.027084947638644254,0.02453416728865375,0.012734022307790083,0.008224326887036247,0.006834445963779903,0.0042442051806197145,0.003600991799960005,0.0013031210388676,0.0007042315189694618
61,GBM_grid_1_AutoML_20190421_193852_model_16,0.24986078411837442,0.19961053920283303,0.13041005715783016,0.08661879403056028,0.04999352910940144,0.046075552701112056,0.04207775112915079,0.04092658439766252,0.03262406816203831,0.02770866681949169,0.024200669696710173,0.02357633443501975,0.01867800990985515,0.011825072484490088,0.006512858207869447,0.006027872593743366,0.002153906212039125,0.0011189496318182058
62,XGBoost_3_AutoML_20190421_193027,0.28235736606134915,0.20601382151690542,0.17232282613703204,0.049963366207889714,0.04878793927711107,0.03123875252799891,0.03018988323816694,0.029008741204994987,0.0261734413382757,0.025973856756488615,0.021723064350639826,0.021316914963649524,0.018325581132310097,0.01401516722997971,0.010356042326372788,0.004566175763326317,0.0042382817250930125,0.0034287782424162034
63,GBM_grid_1_AutoML_20190421_195113_model_8,0.28326458932614607,0.15812871699147446,0.10594387484270607,0.06687990333440318,0.060402083878397204,0.05949233908226114,0.0493030082204679,0.041097314779895686,0.03926597905649345,0.03266982418119677,0.028056182910637547,0.021930217806437047,0.0184188317097572,0.01735392501073556,0.007051480177548657,0.005018883814042281,0.0040934558671769684,0.001629389010222826
64,XGBoost_grid_1_AutoML_20190421_195113_model_11,0.2906898097641072,0.22767977945758877,0.17229912252775034,0.05955413639617255,0.04515626548651403,0.03719429300469174,0.03469925889144616,0.026377226326040296,0.026109897494759286,0.018925790322527503,0.016896305357168767,0.014817506463961023,0.0065847634475411755,0.005693744195534186,0.005291052294982232,0.004971276586922897,0.004326037935171355,0.0027337340471205378
65,XGBoost_grid_1_AutoML_20190421_195113_model_5,0.298294751640657,0.207286685239162,0.1980081147076106,0.05196535062804847,0.045048572885710444,0.03967384440340526,0.031190317366040957,0.029836117230387753,0.029554776325917465,0.021742725358424333,0.02161674997355662,0.009673095343958197,0.006393186786688594,0.0028075765195330034,0.002381640024428112,0.0022163808511417066,0.001517459047564575,0.0007926556677649196
66,XGBoost_3_AutoML_20190421_195113,0.2712331942896521,0.18694714119974548,0.17117792758783681,0.05524808109236363,0.05026772695295087,0.042294958892880395,0.03527024523772033,0.0332317154671066,0.03155239850956851,0.02373285079776623,0.023086059241867175,0.02261686527146114,0.01653825463607933,0.013347013380716774,0.007004189649724889,0.006876385410751501,0.006182524406490053,0.0033924679753181857
67,GBM_grid_1_AutoML_20190421_195113_model_14,0.2668673301607045,0.17984818253493276,0.1507870391785875,0.07433448614099283,0.060819791538633684,0.045356132333619716,0.04378768401344036,0.030287845368989586,0.02950429732169748,0.027580176622716855,0.026324777789634074,0.021403045243686757,0.014838725367669234,0.01170737192606872,0.00652568280818183,0.005903522885670986,0.003983870088245845,0.0001400386765272373
68,XGBoost_3_AutoML_20190421_193852,0.21411291350303804,0.20705218389200247,0.2017117001406037,0.05641402931495147,0.05609604788281808,0.04996352205277355,0.04713406790283024,0.033982726724095934,0.03263918941600155,0.031469424731079276,0.021776599597432732,0.016488907762734085,0.012777146460356478,0.00637835598962133,0.004431447593226241,0.0031317663770788914,0.0025640171568666104,0.0018759535024893339
69,GBM_grid_1_AutoML_20190421_195113_model_10,0.19658796122599664,0.17377545181193946,0.17277213200193717,0.06216551994229031,0.05279254605644841,0.05278395906822908,0.04815588611932361,0.04682683665641472,0.04117741309509002,0.030891353007186376,0.026446128126675378,0.023798170649321645,0.02158018296239965,0.01761267953322655,0.01564240351409734,0.008465081898641563,0.0059640706618239005,0.00256222366895819
70,XGBoost_grid_1_AutoML_20190421_193852_model_3,0.25126575163039716,0.2299482646993494,0.21646502558033318,0.06878805484565732,0.05828665797798732,0.04540377632349825,0.03168724323714614,0.028682301100347744,0.022629356414704135,0.014911617454550786,0.012877338995681486,0.007295211202579937,0.00370478371011922,0.0023034258362716366,0.002291847397826682,0.00171085663809181,0.0014498082028191132,0.00029867875263865743
71,XGBoost_grid_1_AutoML_20190421_195113_model_3,0.23295770971157848,0.22743052634028205,0.2038444663438624,0.06732559303730756,0.06095265179853198,0.04765116878972771,0.03378714538713261,0.023251440775379936,0.022611856683923223,0.0190221445100198,0.018534642549032216,0.014589260549488527,0.014397881213576783,0.004082808580682016,0.0037804676704199357,0.0029762358079019027,0.0014648968386359,0.001339103412516977
72,GBM_grid_1_AutoML_20190421_195113_model_24,0.1880405176085511,0.1821379063715313,0.12623461405427405,0.07732300507340428,0.06868890586744654,0.05940388778126575,0.05463329505980297,0.04081602305832414,0.04023551266486603,0.03724985039774451,0.032674923718283115,0.02249164891094743,0.020868023006597243,0.017630375657500284,0.01727782224511365,0.010587424945973057,0.0023640268780941247,0.0013422367002804525
73,GBM_grid_1_AutoML_20190421_195113_model_33,0.21693504439841987,0.1869669507919807,0.11662105639324204,0.08749452535596543,0.0722562068441789,0.07165154203581649,0.06057072956461452,0.042915355103008576,0.03343654313097296,0.026800902588560695,0.022205170730814155,0.021585080619726135,0.01494905186083736,0.008255444170222828,0.007668839620898153,0.005234220971956915,0.0026897947254364038,0.0017635410933478834
74,GBM_grid_1_AutoML_20190421_195113_model_41,0.32264607349949026,0.1440544155305776,0.11340788064652577,0.10597547413322043,0.060039100815861786,0.055642533934292554,0.0548388546724873,0.0268601593917129,0.025450982082345766,0.023037286242816417,0.01642130213101171,0.012709452346580575,0.011242618051882432,0.009257791287100425,0.006698581227935488,0.0056307497347681795,0.003829532772834639,0.0022572114985557564
75,GBM_grid_1_AutoML_20190421_193852_model_20,0.27257149197933234,0.1997060938914913,0.14689868811697984,0.05270484542067976,0.051854807222492805,0.049032841946461354,0.03534007203261526,0.034973752769734974,0.03430126396614208,0.033364699274385054,0.02168695385813118,0.02018525502573567,0.015754519481064024,0.014521577848770647,0.012854967696517776,0.0017991785961047134,0.001775665092650599,0.0006733257807106523
76,XGBoost_grid_1_AutoML_20190421_193852_model_9,0.2328956121977231,0.18005989846525247,0.16204674145472983,0.07892682460014425,0.05921287401313521,0.05307462612585409,0.03988291945893776,0.03749128109528654,0.034141733288328376,0.026479881200074686,0.023971610178172273,0.02277356489474266,0.01764631780512577,0.016092143020982257,0.008432538464132142,0.0029241912868912356,0.0028343033431995537,0.0011129391072878321
77,XGBoost_grid_1_AutoML_20190421_195113_model_10,0.2584553456974143,0.22612055405165526,0.21187318765654897,0.05348289973234311,0.05045414365523196,0.0397099275138009,0.035178080084782064,0.027655309529314526,0.02411694619217533,0.02071332216542884,0.013160255086486619,0.010903122434032233,0.007546556910040263,0.006301245983524275,0.006203561850719476,0.005712190245270427,0.001508713150271116,0.0009046380609603333
78,GBM_grid_1_AutoML_20190421_195113_model_15,0.1820940755703446,0.18084144988802478,0.15182069999017173,0.06439503901313191,0.057176029346204076,0.05639722880685077,0.056299411127471846,0.05071506299241056,0.046915561613567344,0.02850169188211171,0.026721789700955435,0.02408108944400452,0.02315769254847561,0.019853678795615802,0.016775519746373792,0.011051355011029971,0.0017175337336691988,0.0014850907895863417
79,XGBoost_grid_1_AutoML_20190421_195113_model_9,0.23671572116458936,0.2354531733362211,0.16979156919413516,0.07102172692483052,0.0691021987628165,0.05652369192035259,0.04774147220621856,0.0325344900746227,0.028640265246249724,0.014599815001601195,0.01399864009801512,0.005439110112526692,0.005228032686615877,0.004017402845151591,0.003104516252719516,0.0025949091819466516,0.001820164852618421,0.0016731001387687411
80,XGBoost_grid_1_AutoML_20190421_193027_model_7,0.2827931849294611,0.19352517323065527,0.16410792170320843,0.0643662756461495,0.055967894228948,0.04209629682589682,0.039841815129052154,0.030633822108451357,0.02595353541503101,0.025232472952462243,0.025101282895766058,0.017636688290636762,0.014909171484868798,0.007082559992006077,0.006739385139736714,0.0025692756213245645,0.0007440471351309649,0.0006991972712141651
81,GBM_grid_1_AutoML_20190421_193027_model_5,0.17281247595049218,0.1580688038352081,0.09231293487353828,0.08874202032359209,0.08711125796646539,0.0689989412583628,0.06863273788528614,0.04898389334410173,0.04777796671714848,0.044567089372772484,0.02643554294746863,0.021076684070931762,0.020671079594124866,0.01846383587709499,0.012947899490334418,0.009244373166784258,0.007139912733683045,0.006012550592610385
82,GBM_grid_1_AutoML_20190421_193852_model_12,0.27584699772949006,0.2373815967505807,0.2170696146647906,0.07100620159316663,0.04936758661935847,0.04131449107777212,0.04027512877654215,0.019973091250133447,0.012608642226194358,0.011218822367757762,0.009199431247395095,0.008744301571771734,0.002928611309518917,0.0015519221769882312,0.0009447337811103382,0.000491615775695573,7.721108173379198e-05,0.0
83,GBM_grid_1_AutoML_20190421_195113_model_20,0.28388396348488426,0.18635381249346575,0.16474662432718706,0.057817492184764334,0.0564846050516872,0.05440995912502672,0.03319300236910394,0.02721863000990089,0.026990176315532976,0.025987089301857433,0.02464510428439417,0.014642605594742073,0.01409321914056198,0.011369438318095428,0.0062270884866927854,0.004246611336028517,0.004233173007662062,0.0034574051684124097
84,GBM_grid_1_AutoML_20190421_193852_model_13,0.2572563569548056,0.1819707026187735,0.17822038329541626,0.06419588189074998,0.05857150479153632,0.05040507247073248,0.031193801960307774,0.029529276107133132,0.02758521385827423,0.026070565310894564,0.025034542630318023,0.021662371539073497,0.01765611492720516,0.0149884285176808,0.0078293061867063,0.004563016542581177,0.002713681461778075,0.0005537789360331362
85,GBM_grid_1_AutoML_20190421_195113_model_25,0.2239163631598967,0.1573300013180999,0.12910952323057412,0.06625024704352989,0.0658156892357823,0.0615348681782342,0.05900409549932181,0.04870024988312314,0.03569473142926435,0.030301767284255012,0.029111329661340484,0.02690177458131402,0.02665187275659125,0.019023969206869547,0.00955361928582391,0.00532714583606853,0.003345121866020608,0.002427630543890258
86,GBM_grid_1_AutoML_20190421_193027_model_3,0.26574943070379786,0.21270895470541745,0.20021694633389764,0.08263790140800997,0.07436442841628386,0.0360273055075318,0.029228972466161216,0.019031061860640193,0.018841007952872975,0.017629780125712775,0.013429709608367289,0.01155403063696606,0.009153691096054625,0.003741909189154118,0.0024112787900077474,0.0016587689895457764,0.0016148222095786445,0.0
87,GBM_grid_1_AutoML_20190421_195113_model_2,0.17995553173442075,0.16029614334100714,0.158643166141727,0.07698014090840556,0.07578127477948432,0.06471472670395526,0.0486870212331178,0.045432985979841994,0.03801846751896004,0.03783437148780833,0.026642027549044302,0.025073711298381225,0.020340722336986243,0.019245198532893876,0.00913187846481866,0.007903528079900714,0.0034556574233665666,0.0018634464858802433
88,GBM_grid_1_AutoML_20190421_195113_model_22,0.34190111925949956,0.19272564198478148,0.14755917227280185,0.05877623929132242,0.038469879369715465,0.037287454600378925,0.024135803012861508,0.02379313372239191,0.023464967676479064,0.023215120542148807,0.020731919798573764,0.017962238245718697,0.016574561037111624,0.01234408097824468,0.007963006307968996,0.007370653902439027,0.003018549787726551,0.0027064582098356616
89,GBM_grid_1_AutoML_20190421_195113_model_40,0.1768193334869614,0.14367631498221553,0.12579663098416655,0.08219360128305372,0.07983838010644216,0.07414342258176125,0.052498060552960614,0.051577781544313465,0.042788877902063656,0.039220037611433355,0.02764747118957701,0.024273029176320394,0.02257067564117302,0.01882094933894615,0.01652233306900335,0.013596876139328126,0.0053799003062423734,0.0026363241040378315
90,XGBoost_grid_1_AutoML_20190421_195113_model_15,0.2225912300362556,0.2049871029464609,0.1631410562700194,0.06783969735856121,0.05457056314991181,0.041910203408308006,0.04080739679268294,0.035598375612709114,0.03295967994470779,0.032188688647413935,0.029371816580317074,0.026368965930428805,0.02115581094041203,0.009305097192432067,0.00549187891837666,0.0049651396564598695,0.0037111185246372757,0.0030361780899054998
91,XGBoost_grid_1_AutoML_20190421_195113_model_8,0.22641945666565963,0.2090379836287574,0.2060991461798164,0.06228715110460411,0.04460728393442239,0.04290744725137308,0.036978581840158474,0.03093652751396028,0.02808354046537903,0.02791225331909016,0.022215294089349417,0.020582217499178483,0.019631515210312703,0.008846632143210438,0.004976744101040852,0.004127742874931408,0.0034574815727749335,0.0008930006059808032
92,GBM_grid_1_AutoML_20190421_195113_model_11,0.25095999646538875,0.20961026214318265,0.18530896978941744,0.05963191237160044,0.05677359022670234,0.050640087708934335,0.0346803978718086,0.02842732418340444,0.028206179334038795,0.024407424150993937,0.02016600409894881,0.013104047289130952,0.01234447969876738,0.008059248170596837,0.0068628048154545955,0.0041316300109125485,0.003482501666461942,0.003203140004255245
93,GBM_grid_1_AutoML_20190421_195113_model_27,0.35742583995777716,0.18591916959239288,0.15989716254346611,0.05904872548208424,0.048659301804999874,0.04642664215650588,0.04161510540351103,0.026951484932872288,0.024970400013576043,0.019343460104439974,0.006773079188347108,0.006757740833343809,0.003957224823995123,0.003836227220176666,0.0038034361698165223,0.0033884030010322714,0.0012265967716630524,0.0
94,GBM_grid_1_AutoML_20190421_195113_model_30,0.20739893404926416,0.17738775735903842,0.1705099400035261,0.07274451823529621,0.055954356738452164,0.05044814560005394,0.04873357187442818,0.04843767919981986,0.030090132151572895,0.02730333770970472,0.02509811120710265,0.02298787666282632,0.020362579405079427,0.01998637920734458,0.009806581032306388,0.008593481387054663,0.003162465975203013,0.000994152201926335
95,GBM_grid_1_AutoML_20190421_195113_model_4,0.24288313341548456,0.1862269413314369,0.17944856784981925,0.07633628298106254,0.05136559334867656,0.048281427228587984,0.034001097798162294,0.033093461495436474,0.031813247204374964,0.029652808112777682,0.025926286398393554,0.02012849150713042,0.016626262524633995,0.015492140618173021,0.004732385385743307,0.002786892740417253,0.0012049800596892165,0.0
